Step    T(K)    KE(kJ)    PE(kJ)    TotE(kJ)    P(MPa)
     0      0.400  1.80604e+00 -1.24599e-01  1.68144e+00  2.96621e-04
    10      0.403  1.81736e+00 -1.24599e-01  1.69276e+00  2.98696e-04
    20      0.409  1.84713e+00 -1.24599e-01  1.72253e+00  3.04150e-04
    30      0.420  1.89626e+00 -1.24599e-01  1.77166e+00  3.13149e-04
    40      0.436  1.96625e+00 -1.24599e-01  1.84165e+00  3.25972e-04
    50      0.456  2.05931e+00 -1.24599e-01  1.93471e+00  3.43021e-04
    60      0.483  2.17845e+00 -1.24599e-01  2.05385e+00  3.64847e-04
    70      0.516  2.32764e+00 -1.24600e-01  2.20304e+00  3.92178e-04
    80      0.556  2.51203e+00 -1.24600e-01  2.38743e+00  4.25957e-04
    90      0.607  2.73826e+00 -1.24600e-01  2.61366e+00  4.67402e-04
   100      0.668  3.01485e+00 -1.24601e-01  2.89025e+00  5.18072e-04
   110      0.743  3.35271e+00 -1.24601e-01  3.22811e+00  5.79966e-04
   120      0.834  3.76587e+00 -1.24602e-01  3.64127e+00  6.55655e-04
   130      0.946  4.27240e+00 -1.24603e-01  4.14780e+00  7.48451e-04
   140      1.084  4.89571e+00 -1.24604e-01  4.77111e+00  8.62639e-04
   150      1.255  5.66624e+00 -1.24604e-01  5.54164e+00  1.00380e-03
   160      1.467  6.62380e+00 -1.24606e-01  6.49920e+00  1.17922e-03
   170      1.732  7.82079e+00 -1.24607e-01  7.69619e+00  1.39850e-03
   180      2.066  9.32658e+00 -1.24608e-01  9.20197e+00  1.67436e-03
   190      2.488  1.12336e+01 -1.24610e-01  1.11090e+01  2.02372e-03
   200      3.027  1.36658e+01 -1.24612e-01  1.35412e+01  2.46929e-03
   210      3.719  1.67905e+01 -1.24615e-01  1.66659e+01  3.04173e-03
   220      4.615  2.08354e+01 -1.24618e-01  2.07108e+01  3.78273e-03
   230      5.784  2.61117e+01 -1.24622e-01  2.59871e+01  4.74933e-03
   240      7.320  3.30486e+01 -1.24627e-01  3.29239e+01  6.02014e-03
   250      9.356  4.22413e+01 -1.24633e-01  4.21167e+01  7.70422e-03
   260     12.076  5.45214e+01 -1.24640e-01  5.43967e+01  9.95389e-03
   270     15.739  7.10578e+01 -1.24649e-01  7.09331e+01  1.29833e-02
   280     20.711  9.35043e+01 -1.24661e-01  9.33796e+01  1.70954e-02
   290     27.513  1.24214e+02 -1.24676e-01  1.24090e+02  2.27214e-02
   300     36.891  1.66555e+02 -1.24696e-01  1.66431e+02  3.04781e-02
   310     49.918  2.25366e+02 -1.24721e-01  2.25241e+02  4.12521e-02
   320     68.137  3.07623e+02 -1.24754e-01  3.07498e+02  5.63213e-02
   330     93.781  4.23400e+02 -1.24798e-01  4.23275e+02  7.75311e-02
   340    130.067  5.87220e+02 -1.24858e-01  5.87095e+02  1.07543e-01
   350    181.610  8.19923e+02 -1.24944e-01  8.19798e+02  1.50173e-01
   360    254.957  1.15107e+03 -1.25061e-01  1.15094e+03  2.10837e-01
   370    359.207  1.62173e+03 -1.25237e-01  1.62161e+03  2.97062e-01
   380    506.561  2.28700e+03 -1.25477e-01  2.28687e+03  4.18936e-01
   390    712.381  3.21623e+03 -1.25823e-01  3.21610e+03  5.89167e-01
   400    993.886  4.48715e+03 -1.26287e-01  4.48702e+03  8.21997e-01
   410   1365.947  6.16691e+03 -1.26926e-01  6.16679e+03  1.12972e+00
   420   1832.147  8.27169e+03 -1.27754e-01  8.27157e+03  1.51531e+00
   430   2370.684  1.07031e+04 -1.28839e-01  1.07029e+04  1.96073e+00
   440   2919.996  1.31831e+04 -1.30224e-01  1.31829e+04  2.41506e+00
   450   3377.664  1.52493e+04 -1.31975e-01  1.52492e+04  2.79359e+00
   460   3628.398  1.63813e+04 -1.34113e-01  1.63812e+04  3.00097e+00
   470   3597.703  1.62427e+04 -1.36621e-01  1.62426e+04  2.97558e+00
   480   3295.124  1.48767e+04 -1.39408e-01  1.48765e+04  2.72532e+00
   490   2808.389  1.26792e+04 -1.42381e-01  1.26790e+04  2.32275e+00
   500   2254.022  1.01764e+04 -1.45404e-01  1.01762e+04  1.86423e+00
   510   1727.053  7.79722e+03 -1.48368e-01  7.79707e+03  1.42838e+00
   520   1279.895  5.77841e+03 -1.51190e-01  5.77826e+03  1.05854e+00
   530    927.697  4.18832e+03 -1.53807e-01  4.18817e+03  7.67245e-01
   540    663.487  2.99548e+03 -1.56167e-01  2.99532e+03  5.48719e-01
   550    471.342  2.12799e+03 -1.58285e-01  2.12783e+03  3.89798e-01
   560    334.210  1.50888e+03 -1.60157e-01  1.50872e+03  2.76377e-01
   570    237.348  1.07157e+03 -1.61795e-01  1.07140e+03  1.96263e-01
   580    169.237  7.64063e+02 -1.63227e-01  7.63900e+02  1.39929e-01
   590    121.366  5.47937e+02 -1.64477e-01  5.47773e+02  1.00335e-01
   600     87.643  3.95685e+02 -1.65556e-01  3.95519e+02  7.24426e-02
   610     63.785  2.87975e+02 -1.66498e-01  2.87808e+02  5.27103e-02
   620     46.814  2.11353e+02 -1.67318e-01  2.11186e+02  3.86732e-02
   630     34.663  1.56494e+02 -1.68033e-01  1.56326e+02  2.86230e-02
   640     25.901  1.16938e+02 -1.68660e-01  1.16769e+02  2.13763e-02
   650     19.536  8.82014e+01 -1.69209e-01  8.80322e+01  1.61117e-02
   660     14.876  6.71631e+01 -1.69691e-01  6.69934e+01  1.22574e-02
   670     11.438  5.16382e+01 -1.70116e-01  5.14680e+01  9.41320e-03
   680      8.880  4.00898e+01 -1.70494e-01  3.99193e+01  7.29746e-03
   690      6.962  3.14302e+01 -1.70829e-01  3.12593e+01  5.71096e-03
   700      5.512  2.48847e+01 -1.71128e-01  2.47135e+01  4.51176e-03
   710      4.407  1.98978e+01 -1.71397e-01  1.97264e+01  3.59811e-03
   720      3.559  1.60685e+01 -1.71640e-01  1.58969e+01  2.89654e-03
   730      2.903  1.31056e+01 -1.71858e-01  1.29338e+01  2.35368e-03
   740      2.391  1.07958e+01 -1.72058e-01  1.06237e+01  1.93048e-03
   750      1.989  8.98201e+00 -1.72243e-01  8.80976e+00  1.59815e-03
   760      1.672  7.54777e+00 -1.72410e-01  7.37536e+00  1.33535e-03
   770      1.419  6.40609e+00 -1.72565e-01  6.23353e+00  1.12616e-03
   780      1.216  5.49162e+00 -1.72706e-01  5.31891e+00  9.58591e-04
   790      1.053  4.75491e+00 -1.72838e-01  4.58207e+00  8.23592e-04
   800      0.921  4.15834e+00 -1.72962e-01  3.98538e+00  7.14269e-04
   810      0.814  3.67313e+00 -1.73079e-01  3.50005e+00  6.25348e-04
   820      0.726  3.27711e+00 -1.73188e-01  3.10393e+00  5.52768e-04
   830      0.654  2.95316e+00 -1.73292e-01  2.77986e+00  4.93392e-04
   840      0.595  2.68795e+00 -1.73391e-01  2.51456e+00  4.44781e-04
   850      0.547  2.47115e+00 -1.73487e-01  2.29766e+00  4.05036e-04
   860      0.508  2.29465e+00 -1.73579e-01  2.12108e+00  3.72678e-04
   870      0.477  2.15218e+00 -1.73667e-01  1.97851e+00  3.46552e-04
   880      0.452  2.03883e+00 -1.73753e-01  1.86508e+00  3.25763e-04
   890      0.432  1.95086e+00 -1.73837e-01  1.77702e+00  3.09625e-04
   900      0.418  1.88545e+00 -1.73920e-01  1.71153e+00  2.97618e-04
   910      0.408  1.84054e+00 -1.74001e-01  1.66654e+00  2.89369e-04
   920      0.402  1.81476e+00 -1.74082e-01  1.64068e+00  2.84624e-04
   930      0.400  1.80732e+00 -1.74163e-01  1.63316e+00  2.83239e-04
   940      0.403  1.81800e+00 -1.74244e-01  1.64376e+00  2.85174e-04
   950      0.409  1.84712e+00 -1.74326e-01  1.67280e+00  2.90486e-04
   960      0.420  1.89557e+00 -1.74409e-01  1.72116e+00  2.99338e-04
   970      0.435  1.96483e+00 -1.74491e-01  1.79034e+00  3.12005e-04
   980      0.456  2.05709e+00 -1.74577e-01  1.88251e+00  3.28883e-04
   990      0.482  2.17532e+00 -1.74664e-01  2.00065e+00  3.50518e-04
  1000      0.515  2.32345e+00 -1.74755e-01  2.14870e+00  3.77630e-04
  1010      0.555  2.50660e+00 -1.74849e-01  2.33175e+00  4.11157e-04
  1020      0.605  2.73135e+00 -1.74947e-01  2.55640e+00  4.52303e-04
  1030      0.666  3.00614e+00 -1.75050e-01  2.83109e+00  5.02615e-04
  1040      0.740  3.34179e+00 -1.75159e-01  3.16663e+00  5.64076e-04
  1050      0.831  3.75222e+00 -1.75274e-01  3.57694e+00  6.39233e-04
  1060      0.943  4.25534e+00 -1.75396e-01  4.07994e+00  7.31369e-04
  1070      1.080  4.87434e+00 -1.75527e-01  4.69881e+00  8.44733e-04
  1080      1.249  5.63939e+00 -1.75668e-01  5.46372e+00  9.84849e-04
  1090      1.460  6.58994e+00 -1.75822e-01  6.41411e+00  1.15894e-03
  1100      1.723  7.77787e+00 -1.75988e-01  7.60188e+00  1.37652e-03
  1110      2.054  9.27187e+00 -1.76170e-01  9.09570e+00  1.65017e-03
  1120      2.473  1.11634e+01 -1.76369e-01  1.09871e+01  1.99664e-03
  1130      3.007  1.35753e+01 -1.76592e-01  1.33987e+01  2.43842e-03
  1140      3.693  1.66729e+01 -1.76834e-01  1.64961e+01  3.00583e-03
  1150      4.581  2.06815e+01 -1.77106e-01  2.05044e+01  3.74011e-03
  1160      5.739  2.59088e+01 -1.77413e-01  2.57314e+01  4.69766e-03
  1170      7.260  3.27792e+01 -1.77758e-01  3.26014e+01  5.95619e-03
  1180      9.276  4.18808e+01 -1.78150e-01  4.17027e+01  7.62348e-03
  1190     11.969  5.40354e+01 -1.78602e-01  5.38568e+01  9.85003e-03
  1200     15.593  7.03974e+01 -1.79114e-01  7.02183e+01  1.28474e-02
  1210     20.511  9.26002e+01 -1.79709e-01  9.24204e+01  1.69147e-02
  1220     27.237  1.22967e+02 -1.80397e-01  1.22787e+02  2.24776e-02
  1230     36.507  1.64822e+02 -1.81206e-01  1.64641e+02  3.01451e-02
  1240     49.380  2.22940e+02 -1.82156e-01  2.22758e+02  4.07919e-02
  1250     67.381  3.04206e+02 -1.83282e-01  3.04023e+02  5.56793e-02
  1260     92.709  4.18559e+02 -1.84622e-01  4.18375e+02  7.66279e-02
  1270    128.541  5.80332e+02 -1.86241e-01  5.80145e+02  1.06264e-01
  1280    179.432  8.10090e+02 -1.88207e-01  8.09902e+02  1.48354e-01
  1290    251.847  1.13702e+03 -1.90606e-01  1.13683e+03  2.08247e-01
  1300    354.779  1.60174e+03 -1.93563e-01  1.60154e+03  2.93380e-01
  1310    500.306  2.25876e+03 -1.97254e-01  2.25856e+03  4.13743e-01
  1320    703.682  3.17695e+03 -2.01880e-01  3.17675e+03  5.81951e-01
  1330    982.099  4.43393e+03 -2.07737e-01  4.43373e+03  8.12225e-01
  1340   1350.628  6.09775e+03 -2.15210e-01  6.09753e+03  1.11703e+00
  1350   1813.475  8.18739e+03 -2.24795e-01  8.18717e+03  1.49984e+00
  1360   2350.042  1.06099e+04 -2.37127e-01  1.06096e+04  1.94363e+00
  1370   2900.390  1.30945e+04 -2.52918e-01  1.30943e+04  2.39881e+00
  1380   3363.348  1.51847e+04 -2.72902e-01  1.51844e+04  2.78171e+00
  1390   3623.291  1.63583e+04 -2.97665e-01  1.63580e+04  2.99670e+00
  1400   3603.302  1.62680e+04 -3.27427e-01  1.62677e+04  2.98016e+00
  1410   3309.599  1.49420e+04 -3.61799e-01  1.49417e+04  2.73723e+00
  1420   2827.717  1.27664e+04 -3.99807e-01  1.27660e+04  2.33866e+00
  1430   2274.082  1.02669e+04 -4.39953e-01  1.02665e+04  1.88075e+00
  1440   1745.051  7.87847e+03 -4.80600e-01  7.87799e+03  1.44318e+00
  1450   1294.605  5.84482e+03 -5.20160e-01  5.84430e+03  1.07061e+00
  1460    939.012  4.23941e+03 -5.57440e-01  4.23885e+03  7.76493e-01
  1470    671.856  3.03326e+03 -5.91631e-01  3.03267e+03  5.55523e-01
  1480    477.385  2.15528e+03 -6.22362e-01  2.15465e+03  3.94670e-01
  1490    338.514  1.52831e+03 -6.49556e-01  1.52766e+03  2.79804e-01
  1500    240.392  1.08531e+03 -6.73378e-01  1.08464e+03  1.98643e-01
  1510    171.386  7.73767e+02 -6.94112e-01  7.73073e+02  1.41564e-01
  1520    122.886  5.54800e+02 -7.12095e-01  5.54088e+02  1.01445e-01
  1530     88.722  4.00558e+02 -7.27668e-01  3.99831e+02  7.31842e-02
  1540     64.556  2.91455e+02 -7.41168e-01  2.90714e+02  5.31935e-02
  1550     47.368  2.13856e+02 -7.52900e-01  2.13103e+02  3.89745e-02
  1560     35.065  1.58308e+02 -7.63123e-01  1.57545e+02  2.87957e-02
  1570     26.195  1.18264e+02 -7.72068e-01  1.17492e+02  2.14575e-02
  1580     19.753  8.91803e+01 -7.79930e-01  8.84003e+01  1.61274e-02
  1590     15.038  6.78923e+01 -7.86877e-01  6.71054e+01  1.22257e-02
  1600     11.559  5.21869e+01 -7.93052e-01  5.13938e+01  9.34700e-03
  1610      8.972  4.05070e+01 -7.98577e-01  3.97084e+01  7.20588e-03
  1620      7.033  3.17509e+01 -8.03548e-01  3.09474e+01  5.60053e-03
  1630      5.567  2.51340e+01 -8.08050e-01  2.43259e+01  4.38720e-03
  1640      4.451  2.00939e+01 -8.12159e-01  1.92817e+01  3.46283e-03
  1650      3.594  1.62246e+01 -8.15931e-01  1.54087e+01  2.75305e-03
  1660      2.931  1.32315e+01 -8.19418e-01  1.24120e+01  2.20383e-03
  1670      2.414  1.08986e+01 -8.22668e-01  1.00759e+01  1.77564e-03
  1680      2.008  9.06708e+00 -8.25715e-01  8.24136e+00  1.43936e-03
  1690      1.688  7.61917e+00 -8.28596e-01  6.79058e+00  1.17339e-03
  1700      1.432  6.46690e+00 -8.31339e-01  5.63556e+00  9.61611e-04
  1710      1.228  5.54418e+00 -8.33967e-01  4.71021e+00  7.91918e-04
  1720      1.063  4.80103e+00 -8.36506e-01  3.96453e+00  6.55147e-04
  1730      0.930  4.19945e+00 -8.38970e-01  3.36048e+00  5.44330e-04
  1740      0.822  3.71034e+00 -8.41381e-01  2.86896e+00  4.54133e-04
  1750      0.733  3.31133e+00 -8.43753e-01  2.46758e+00  3.80451e-04
  1760      0.661  2.98511e+00 -8.46103e-01  2.13901e+00  3.20113e-04
  1770      0.602  2.71826e+00 -8.48443e-01  1.86982e+00  2.70653e-04
  1780      0.554  2.50032e+00 -8.50788e-01  1.64953e+00  2.30155e-04
  1790      0.515  2.32314e+00 -8.53150e-01  1.46999e+00  1.97122e-04
  1800      0.483  2.18039e+00 -8.55543e-01  1.32484e+00  1.70388e-04
  1810      0.458  2.06714e+00 -8.57979e-01  1.20916e+00  1.49052e-04
  1820      0.438  1.97963e+00 -8.60471e-01  1.11916e+00  1.32419e-04
  1830      0.424  1.91504e+00 -8.63033e-01  1.05201e+00  1.19968e-04
  1840      0.414  1.87133e+00 -8.65680e-01  1.00565e+00  1.11324e-04
  1850      0.409  1.84714e+00 -8.68424e-01  9.78711e-01  1.06233e-04
  1860      0.408  1.84171e+00 -8.71286e-01  9.70427e-01  1.04555e-04
  1870      0.411  1.85489e+00 -8.74279e-01  9.80608e-01  1.06254e-04
  1880      0.418  1.88705e+00 -8.77426e-01  1.00962e+00  1.11396e-04
  1890      0.430  1.93916e+00 -8.80745e-01  1.05841e+00  1.20155e-04
  1900      0.446  2.01282e+00 -8.84265e-01  1.12856e+00  1.32818e-04
  1910      0.467  2.11036e+00 -8.88008e-01  1.22235e+00  1.49802e-04
  1920      0.495  2.23491e+00 -8.92009e-01  1.34290e+00  1.71678e-04
  1930      0.530  2.39062e+00 -8.96302e-01  1.49432e+00  1.99197e-04
  1940      0.572  2.58289e+00 -9.00929e-01  1.68196e+00  2.33339e-04
  1950      0.624  2.81864e+00 -9.05937e-01  1.91270e+00  2.75360e-04
  1960      0.688  3.10674e+00 -9.11381e-01  2.19536e+00  3.26877e-04
  1970      0.766  3.45859e+00 -9.17328e-01  2.54126e+00  3.89962e-04
  1980      0.861  3.88882e+00 -9.23854e-01  2.96496e+00  4.67277e-04
  1990      0.978  4.41626e+00 -9.31053e-01  3.48520e+00  5.62255e-04
  2000      1.122  5.06531e+00 -9.39030e-01  4.12628e+00  6.79345e-04
  2010      1.300  5.86770e+00 -9.47918e-01  4.91978e+00  8.24333e-04
  2020      1.521  6.86493e+00 -9.57878e-01  5.90705e+00  1.00479e-03
  2030      1.797  8.11161e+00 -9.69106e-01  7.14250e+00  1.23068e-03
  2040      2.144  9.68001e+00 -9.81844e-01  8.69817e+00  1.51520e-03
  2050      2.584  1.16664e+01 -9.96388e-01  1.06701e+01  1.87594e-03
  2060      3.145  1.42001e+01 -1.01311e+00  1.31869e+01  2.33649e-03
  2070      3.866  1.74552e+01 -1.03249e+00  1.64227e+01  2.92872e-03
  2080      4.800  2.16688e+01 -1.05514e+00  2.06137e+01  3.69595e-03
  2090      6.017  2.71651e+01 -1.08181e+00  2.60833e+01  4.69747e-03
  2100      7.617  3.43909e+01 -1.11354e+00  3.32774e+01  6.01500e-03
  2110      9.738  4.39657e+01 -1.15164e+00  4.28140e+01  7.76192e-03
  2120     12.571  5.67546e+01 -1.19785e+00  5.55567e+01  1.00966e-02
  2130     16.385  7.39734e+01 -1.25445e+00  7.27189e+01  1.32419e-02
  2140     21.561  9.73412e+01 -1.32438e+00  9.60168e+01  1.75129e-02
  2150     28.640  1.29303e+02 -1.41116e+00  1.27891e+02  2.33585e-02
  2160     38.397  1.73351e+02 -1.51830e+00  1.71833e+02  3.14215e-02
  2170     51.940  2.34497e+02 -1.64640e+00  2.32851e+02  4.26278e-02
  2180     70.866  3.19941e+02 -1.78272e+00  3.18158e+02  5.83178e-02
  2190     97.458  4.39998e+02 -1.86302e+00  4.38135e+02  8.04443e-02
  2200    134.957  6.09296e+02 -1.62619e+00  6.07670e+02  1.11885e-01
  2210    187.802  8.47877e+02 -3.46080e-02  8.47843e+02  1.56997e-01
  2220    261.526  1.18073e+03  6.87227e+00  1.18760e+03  2.22751e-01
  2230    362.391  1.63610e+03  2.82065e+01  1.66431e+03  3.19446e-01
  2240    506.112  2.28497e+03  4.25806e+01  2.32755e+03  4.46945e-01
  2250    717.788  3.24063e+03  1.48190e+01  3.25545e+03  6.05202e-01
  2260   1003.763  4.53174e+03 -2.16275e-01  4.53152e+03  8.31799e-01
  2270   1377.270  6.21803e+03 -2.07155e+00  6.21596e+03  1.13883e+00
  2280   1842.992  8.32066e+03 -1.62332e+00  8.31903e+03  1.52391e+00
  2290   2378.543  1.07385e+04 -1.30881e+00  1.07372e+04  1.96691e+00
  2300   2921.621  1.31904e+04 -1.24727e+00  1.31892e+04  2.41610e+00
  2310   3370.173  1.52155e+04 -1.32385e+00  1.52142e+04  2.78707e+00
  2320   3611.009  1.63028e+04 -1.47184e+00  1.63013e+04  2.98623e+00
  2330   3572.764  1.61301e+04 -1.65911e+00  1.61285e+04  2.95455e+00
  2340   3267.259  1.47509e+04 -1.86581e+00  1.47490e+04  2.70182e+00
  2350   2782.280  1.25613e+04 -2.07740e+00  1.25592e+04  2.30064e+00
  2360   2232.623  1.00797e+04 -2.28441e+00  1.00775e+04  1.84598e+00
  2370   1711.237  7.72581e+03 -2.48244e+00  7.72333e+03  1.41470e+00
  2380   1269.114  5.72974e+03 -2.67023e+00  5.72707e+03  1.04898e+00
  2390    920.823  4.15729e+03 -2.84765e+00  4.15444e+03  7.60869e-01
  2400    659.365  2.97687e+03 -3.01446e+00  2.97386e+03  5.44583e-01
  2410    469.035  2.11758e+03 -3.17009e+00  2.11441e+03  3.87130e-01
  2420    333.042  1.50360e+03 -3.31391e+00  1.50029e+03  2.74623e-01
  2430    236.863  1.06938e+03 -3.44547e+00  1.06593e+03  1.95050e-01
  2440    169.144  7.63644e+02 -3.56472e+00  7.60080e+02  1.39021e-01
  2450    121.486  5.48477e+02 -3.67202e+00  5.44805e+02  9.95868e-02
  2460     87.867  3.96697e+02 -3.76807e+00  3.92929e+02  7.17686e-02
  2470     64.052  2.89178e+02 -3.85377e+00  2.85324e+02  5.20619e-02
  2480     47.087  2.12588e+02 -3.93018e+00  2.08658e+02  3.80242e-02
  2490     34.925  1.57679e+02 -3.99836e+00  1.53681e+02  2.79604e-02
  2500     26.144  1.18034e+02 -4.05936e+00  1.13974e+02  2.06948e-02
  2510     19.756  8.91942e+01 -4.11414e+00  8.50801e+01  1.54103e-02
  2520     15.073  6.80522e+01 -4.16357e+00  6.38887e+01  1.15373e-02
  2530     11.613  5.24302e+01 -4.20842e+00  4.82217e+01  8.67656e-03
  2540      9.036  4.07942e+01 -4.24937e+00  3.65449e+01  6.54697e-03
  2550      7.101  3.20577e+01 -4.28700e+00  2.77707e+01  4.94930e-03
  2560      5.636  2.54456e+01 -4.32180e+00  2.11238e+01  3.74148e-03
  2570      4.519  2.04017e+01 -4.35419e+00  1.60475e+01  2.82154e-03
  2580      3.660  1.65242e+01 -4.38453e+00  1.21396e+01  2.11578e-03
  2590      2.995  1.35205e+01 -4.41313e+00  9.10738e+00  1.57060e-03
  2600      2.476  1.11765e+01 -4.44023e+00  6.73631e+00  1.14674e-03
  2610      2.068  9.33432e+00 -4.46605e+00  4.86827e+00  8.15245e-04
  2620      1.745  7.87657e+00 -4.49079e+00  3.38579e+00  5.54626e-04
  2630      1.487  6.71565e+00 -4.51458e+00  2.20107e+00  3.48829e-04
  2640      1.281  5.78563e+00 -4.53757e+00  1.24807e+00  1.85785e-04
  2650      1.116  5.03661e+00 -4.55985e+00  4.76757e-01  5.63643e-05
  2660      0.981  4.43058e+00 -4.58153e+00 -1.50949e-01 -4.63763e-05
  2670      0.872  3.93846e+00 -4.60269e+00 -6.64228e-01 -1.27748e-04
  2680      0.784  3.53784e+00 -4.62339e+00 -1.08555e+00 -1.91830e-04
  2690      0.711  3.21141e+00 -4.64369e+00 -1.43227e+00 -2.41770e-04
  2700      0.652  2.94575e+00 -4.66365e+00 -1.71790e+00 -2.80003e-04
  2710      0.605  2.73041e+00 -4.68331e+00 -1.95289e+00 -3.08413e-04
  2720      0.566  2.55729e+00 -4.70271e+00 -2.14542e+00 -3.28457e-04
  2730      0.536  2.42010e+00 -4.72190e+00 -2.30181e+00 -3.41257e-04
  2740      0.513  2.31401e+00 -4.74092e+00 -2.42690e+00 -3.47666e-04
  2750      0.495  2.23540e+00 -4.75979e+00 -2.52439e+00 -3.48321e-04
  2760      0.483  2.18160e+00 -4.77857e+00 -2.59697e+00 -3.43676e-04
  2770      0.476  2.15078e+00 -4.79728e+00 -2.64650e+00 -3.34032e-04
  2780      0.474  2.14184e+00 -4.81596e+00 -2.67412e+00 -3.19552e-04
  2790      0.477  2.15436e+00 -4.83466e+00 -2.68030e+00 -3.00271e-04
  2800      0.485  2.18857e+00 -4.85339e+00 -2.66483e+00 -2.76097e-04
  2810      0.497  2.24532e+00 -4.87219e+00 -2.62687e+00 -2.46808e-04
  2820      0.515  2.32617e+00 -4.89106e+00 -2.56489e+00 -2.12043e-04
  2830      0.539  2.43342e+00 -4.91000e+00 -2.47658e+00 -1.71277e-04
  2840      0.569  2.57021e+00 -4.92895e+00 -2.35875e+00 -1.23799e-04
  2850      0.607  2.74068e+00 -4.94783e+00 -2.20715e+00 -6.86709e-05
  2860      0.653  2.95017e+00 -4.96648e+00 -2.01631e+00 -4.67667e-06
  2870      0.710  3.20548e+00 -4.98464e+00 -1.77916e+00  6.97400e-05
  2880      0.779  3.51522e+00 -5.00194e+00 -1.48672e+00  1.56562e-04
  2890      0.862  3.89029e+00 -5.01786e+00 -1.12758e+00  2.58306e-04
  2900      0.962  4.34449e+00 -5.03168e+00 -6.87193e-01  3.78156e-04
  2910      1.084  4.89540e+00 -5.04246e+00 -1.47060e-01  5.20132e-04
  2920      1.233  5.56551e+00 -5.04903e+00  5.16477e-01  6.89305e-04
  2930      1.414  6.38378e+00 -5.04998e+00  1.33380e+00  8.92061e-04
  2940      1.636  7.38790e+00 -5.04378e+00  2.34412e+00  1.13644e-03
  2950      1.911  8.62733e+00 -5.02891e+00  3.59843e+00  1.43256e-03
  2960      2.252  1.01677e+01 -5.00426e+00  5.16346e+00  1.79317e-03
  2970      2.679  1.20971e+01 -4.96967e+00  7.12739e+00  2.23441e-03
  2980      3.219  1.45346e+01 -4.92683e+00  9.60777e+00  2.77689e-03
  2990      3.908  1.76432e+01 -4.88034e+00  1.27629e+01  3.44728e-03
  3000      4.795  2.16468e+01 -4.83892e+00  1.68078e+01  4.28091e-03
  3010      5.948  2.68541e+01 -4.81617e+00  2.20379e+01  5.32584e-03
  3020      7.462  3.36913e+01 -4.83001e+00  2.88613e+01  6.64956e-03
  3030      9.468  4.27456e+01 -4.89994e+00  3.78457e+01  8.34930e-03
  3040     12.143  5.48245e+01 -5.04081e+00  4.97837e+01  1.05676e-02
  3050     15.734  7.10370e+01 -5.25218e+00  6.57848e+01  1.35153e-02
  3060     20.578  9.29032e+01 -5.49961e+00  8.74035e+01  1.75046e-02
  3070     27.131  1.22491e+02 -5.67554e+00  1.16816e+02  2.30006e-02
  3080     36.004  1.62551e+02 -5.49824e+00  1.57053e+02  3.07098e-02
  3090     47.957  2.16516e+02 -4.23406e+00  2.12281e+02  4.17447e-02
  3100     63.811  2.88091e+02 -4.66543e-02  2.88044e+02  5.79144e-02
  3110     84.397  3.81030e+02  1.03141e+01  3.91344e+02  8.17856e-02
  3120    112.131  5.06245e+02  2.52275e+01  5.31473e+02  1.14200e-01
  3130    153.515  6.93081e+02  3.16191e+01  7.24700e+02  1.52621e-01
  3140    213.027  9.61762e+02  3.49326e+01  9.96695e+02  2.03598e-01
  3150    300.320  1.35587e+03  2.60777e+01  1.38195e+03  2.69742e-01
  3160    427.089  1.92820e+03  4.53357e+00  1.93274e+03  3.60655e-01
  3170    601.391  2.71513e+03 -4.99916e+00  2.71013e+03  4.97908e-01
  3180    839.231  3.78892e+03 -6.46099e+00  3.78246e+03  6.92896e-01
  3190   1157.523  5.22593e+03 -6.21359e+00  5.21972e+03  9.55935e-01
  3200   1566.388  7.07186e+03 -6.26001e+00  7.06560e+03  1.29415e+00
  3210   2058.538  9.29379e+03 -6.81037e+00  9.28698e+03  1.70137e+00
  3220   2595.039  1.17160e+04 -6.79839e+00  1.17092e+04  2.14619e+00
  3230   3095.029  1.39733e+04  1.30238e+00  1.39746e+04  2.56645e+00
  3240   3443.246  1.55454e+04  4.84023e+01  1.55938e+04  2.88468e+00
  3250   3554.523  1.60478e+04  8.61066e+01  1.61339e+04  3.00117e+00
  3260   3401.673  1.53577e+04  8.39764e+01  1.54417e+04  2.87445e+00
  3270   3026.775  1.36651e+04  5.62215e+01  1.37214e+04  2.54773e+00
  3280   2520.672  1.13802e+04  4.28470e+01  1.14231e+04  2.11978e+00
  3290   1993.721  9.00116e+03  1.76636e+01  9.01882e+03  1.66740e+00
  3300   1514.940  6.83958e+03 -9.58797e-01  6.83862e+03  1.25884e+00
  3310   1117.939  5.04722e+03 -7.65023e+00  5.03957e+03  9.25389e-01
  3320    809.580  3.65505e+03 -9.41635e+00  3.64564e+03  6.68602e-01
  3330    580.037  2.61872e+03 -9.72845e+00  2.60899e+03  4.78166e-01
  3340    413.608  1.86734e+03 -9.66769e+00  1.85767e+03  3.40334e-01
  3350    294.789  1.33090e+03 -9.53644e+00  1.32136e+03  2.42027e-01
  3360    210.639  9.50983e+02 -9.41272e+00  9.41570e+02  1.72452e-01
  3370    151.216  6.82701e+02 -9.31212e+00  6.73389e+02  1.23351e-01
  3380    109.230  4.93145e+02 -9.23408e+00  4.83911e+02  8.86791e-02
  3390     79.475  3.58811e+02 -9.17495e+00  3.49636e+02  6.41239e-02
  3400     58.291  2.63168e+02 -9.13135e+00  2.54037e+02  4.66531e-02
  3410     43.120  1.94676e+02 -9.10072e+00  1.85575e+02  3.41507e-02
  3420     32.184  1.45303e+02 -9.08122e+00  1.36222e+02  2.51444e-02
  3430     24.245  1.09459e+02 -9.07142e+00  1.00387e+02  1.86096e-02
  3440     18.437  8.32406e+01 -9.07017e+00  7.41704e+01  1.38315e-02
  3450     14.157  6.39159e+01 -9.07640e+00  5.48395e+01  1.03097e-02
  3460     10.977  4.95606e+01 -9.08911e+00  4.04715e+01  7.69224e-03
  3470      8.597  3.88127e+01 -9.10732e+00  2.97053e+01  5.73029e-03
  3480      6.800  3.07023e+01 -9.13010e+00  2.15722e+01  4.24690e-03
  3490      5.434  2.45343e+01 -9.15657e+00  1.53777e+01  3.11547e-03
  3500      4.387  1.98072e+01 -9.18594e+00  1.06213e+01  2.24487e-03
  3510      3.579  1.61570e+01 -9.21751e+00  6.93949e+00  1.56908e-03
  3520      2.950  1.33175e+01 -9.25071e+00  4.06680e+00  1.03994e-03
  3530      2.457  1.10929e+01 -9.28505e+00  1.80785e+00  6.22122e-04
  3540      2.068  9.33813e+00 -9.32019e+00  1.79352e-02  2.89486e-04
  3550      1.760  7.94509e+00 -9.35588e+00 -1.41078e+00  2.25973e-05
  3560      1.513  6.83272e+00 -9.39195e+00 -2.55923e+00 -1.93109e-04
  3570      1.316  5.93982e+00 -9.42833e+00 -3.48851e+00 -3.68622e-04
  3580      1.156  5.21996e+00 -9.46502e+00 -4.24506e+00 -5.12285e-04
  3590      1.027  4.63773e+00 -9.50209e+00 -4.86435e+00 -6.30474e-04
  3600      0.923  4.16598e+00 -9.53962e+00 -5.37364e+00 -7.28089e-04
  3610      0.838  3.78382e+00 -9.57777e+00 -5.79394e+00 -8.08911e-04
  3620      0.770  3.47514e+00 -9.61670e+00 -6.14156e+00 -8.75874e-04
  3630      0.715  3.22750e+00 -9.65661e+00 -6.42911e+00 -9.31251e-04
  3640      0.671  3.03132e+00 -9.69772e+00 -6.66640e+00 -9.76801e-04
  3650      0.638  2.87927e+00 -9.74026e+00 -6.86099e+00 -1.01387e-03
  3660      0.613  2.76582e+00 -9.78446e+00 -7.01864e+00 -1.04349e-03
  3670      0.595  2.68688e+00 -9.83057e+00 -7.14370e+00 -1.06639e-03
  3680      0.585  2.63961e+00 -9.87885e+00 -7.23924e+00 -1.08308e-03
  3690      0.581  2.62222e+00 -9.92956e+00 -7.30734e+00 -1.09386e-03
  3700      0.583  2.63385e+00 -9.98294e+00 -7.34909e+00 -1.09883e-03
  3710      0.592  2.67453e+00 -1.00393e+01 -7.36473e+00 -1.09788e-03
  3720      0.608  2.74516e+00 -1.00988e+01 -7.35362e+00 -1.09074e-03
  3730      0.631  2.84753e+00 -1.01617e+01 -7.31421e+00 -1.07688e-03
  3740      0.661  2.98438e+00 -1.02284e+01 -7.24397e+00 -1.05559e-03
  3750      0.700  3.15955e+00 -1.02988e+01 -7.13930e+00 -1.02584e-03
  3760      0.748  3.37808e+00 -1.03734e+01 -6.99528e+00 -9.86307e-04
  3770      0.808  3.64653e+00 -1.04520e+01 -6.80547e+00 -9.35255e-04
  3780      0.880  3.97320e+00 -1.05348e+01 -6.56157e+00 -8.70483e-04
  3790      0.968  4.36855e+00 -1.06215e+01 -6.25296e+00 -7.89190e-04
  3800      1.073  4.84573e+00 -1.07119e+01 -5.86616e+00 -6.87821e-04
  3810      1.201  5.42123e+00 -1.08053e+01 -5.38403e+00 -5.61871e-04
  3820      1.355  6.11572e+00 -1.09006e+01 -4.78485e+00 -4.05627e-04
  3830      1.541  6.95513e+00 -1.09961e+01 -4.04099e+00 -2.11817e-04
  3840      1.766  7.97211e+00 -1.10894e+01 -3.11732e+00  2.88175e-05
  3850      2.039  9.20783e+00 -1.11768e+01 -1.96897e+00  3.28105e-04
  3860      2.373  1.07144e+01 -1.12530e+01 -5.38543e-01  7.01177e-04
  3870      2.782  1.25582e+01 -1.13105e+01  1.24769e+00  1.16741e-03
  3880      3.283  1.48239e+01 -1.13392e+01  3.48474e+00  1.75159e-03
  3890      3.903  1.76212e+01 -1.13257e+01  6.29555e+00  2.48539e-03
  3900      4.672  2.10930e+01 -1.12529e+01  9.84010e+00  3.40902e-03
  3910      5.632  2.54288e+01 -1.11009e+01  1.43279e+01  4.57321e-03
  3920      6.841  3.08850e+01 -1.08492e+01  2.00358e+01  6.04132e-03
  3930      8.376  3.78149e+01 -1.04813e+01  2.73337e+01  7.89206e-03
  3940     10.347  4.67130e+01 -9.99093e+00  3.67220e+01  1.02241e-02
  3950     12.907  5.82700e+01 -9.38287e+00  4.88872e+01  1.31667e-02
  3960     16.264  7.34292e+01 -8.65210e+00  6.47771e+01  1.69039e-02
  3970     20.693  9.34221e+01 -7.72252e+00  8.56996e+01  2.17203e-02
  3980     26.535  1.19798e+02 -6.35910e+00  1.13439e+02  2.80604e-02
  3990     34.232  1.54551e+02 -4.15045e+00  1.50400e+02  3.65644e-02
  4000     44.388  2.00401e+02 -5.73964e-01  1.99827e+02  4.80871e-02
  4010     57.649  2.60272e+02  5.77412e+00  2.66046e+02  6.40607e-02
  4020     73.882  3.33559e+02  2.05755e+01  3.54134e+02  8.77432e-02
  4030     91.875  4.14792e+02  5.35436e+01  4.68335e+02  1.23530e-01
  4040    116.871  5.27643e+02  8.66867e+01  6.14329e+02  1.64424e-01
  4050    164.537  7.42843e+02  7.18345e+01  8.14678e+02  1.94586e-01
  4060    237.329  1.07148e+03  3.62267e+01  1.10771e+03  2.31922e-01
  4070    337.765  1.52493e+03  7.72511e+00  1.53265e+03  2.95918e-01
  4080    471.941  2.13070e+03  3.63058e+00  2.13433e+03  4.02852e-01
  4090    645.095  2.91244e+03  4.80611e+01  2.96050e+03  5.71210e-01
  4100    887.434  4.00655e+03  6.01253e+01  4.06667e+03  7.78064e-01
  4110   1221.330  5.51400e+03  2.33998e+01  5.53740e+03  1.03198e+00
  4120   1629.311  7.35594e+03  3.83273e+01  7.39426e+03  1.37710e+00
  4130   2116.938  9.55745e+03  1.88858e+01  9.57634e+03  1.76820e+00
  4140   2634.516  1.18942e+04 -3.05488e+00  1.18911e+04  2.18261e+00
  4150   3094.600  1.39714e+04 -3.64151e+00  1.39677e+04  2.56261e+00
  4160   3396.277  1.53334e+04  8.99705e+00  1.53423e+04  2.82000e+00
  4170   3461.243  1.56267e+04  1.72524e+01  1.56439e+04  2.87901e+00
  4180   3274.041  1.47815e+04  3.41218e+00  1.47849e+04  2.71621e+00
  4190   2882.974  1.30159e+04 -6.70947e+00  1.30092e+04  2.38702e+00
  4200   2384.278  1.07644e+04 -4.92543e+00  1.07595e+04  1.97636e+00
  4210   1873.828  8.45987e+03  9.83190e+00  8.46970e+03  1.56409e+00
  4220   1416.634  6.39575e+03  3.48400e+01  6.43059e+03  1.20178e+00
  4230   1044.924  4.71757e+03  4.89833e+01  4.76656e+03  9.02985e-01
  4240    763.570  3.44733e+03  3.16195e+01  3.47895e+03  6.59522e-01
  4250    554.737  2.50450e+03  8.16357e+00  2.51266e+03  4.71915e-01
  4260    400.292  1.80722e+03 -2.89548e+00  1.80432e+03  3.36551e-01
  4270    288.111  1.30075e+03 -7.01351e+00  1.29374e+03  2.40471e-01
  4280    207.685  9.37644e+02 -8.59915e+00  9.29045e+02  1.72377e-01
  4290    150.336  6.78728e+02 -9.26040e+00  6.69467e+02  1.24082e-01
  4300    109.465  4.94206e+02 -9.54342e+00  4.84662e+02  8.97559e-02
  4310     80.267  3.62384e+02 -9.65242e+00  3.52732e+02  6.52690e-02
  4320     59.318  2.67805e+02 -9.67538e+00  2.58130e+02  4.77157e-02
  4330     44.204  1.99571e+02 -9.65523e+00  1.89916e+02  3.50587e-02
  4340     33.231  1.50029e+02 -9.61470e+00  1.40415e+02  2.58721e-02
  4350     25.208  1.13810e+02 -9.56630e+00  1.04244e+02  1.91572e-02
  4360     19.300  8.71366e+01 -9.51694e+00  7.76196e+01  1.42123e-02
  4370     14.917  6.73456e+01 -9.47040e+00  5.78752e+01  1.05431e-02
  4380     11.639  5.25486e+01 -9.42862e+00  4.31200e+01  7.79937e-03
  4390      9.170  4.14001e+01 -9.39249e+00  3.20076e+01  5.73153e-03
  4400      7.295  3.29360e+01 -9.36232e+00  2.35737e+01  4.16095e-03
  4410      5.861  2.64610e+01 -9.33807e+00  1.71230e+01  2.95881e-03
  4420      4.756  2.14706e+01 -9.31952e+00  1.21511e+01  2.03163e-03
  4430      3.898  1.75963e+01 -9.30638e+00  8.28995e+00  1.31120e-03
  4440      3.227  1.45674e+01 -9.29836e+00  5.26899e+00  7.47334e-04
  4450      2.699  1.21833e+01 -9.29513e+00  2.88814e+00  3.02936e-04
  4460      2.280  1.02949e+01 -9.29642e+00  9.98445e-01 -4.96294e-05
  4470      1.947  8.79030e+00 -9.30198e+00 -5.11677e-01 -3.31067e-04
  4480      1.680  7.58528e+00 -9.31160e+00 -1.72633e+00 -5.56985e-04
  4490      1.465  6.61584e+00 -9.32511e+00 -2.70928e+00 -7.39220e-04
  4500      1.292  5.83322e+00 -9.34238e+00 -3.50916e+00 -8.86792e-04
  4510      1.152  5.20006e+00 -9.36330e+00 -4.16324e+00 -1.00661e-03
  4520      1.038  4.68758e+00 -9.38781e+00 -4.70022e+00 -1.10399e-03
  4530      0.947  4.27359e+00 -9.41586e+00 -5.14227e+00 -1.18303e-03
  4540      0.873  3.94091e+00 -9.44748e+00 -5.50656e+00 -1.24687e-03
  4550      0.814  3.67628e+00 -9.48267e+00 -5.80639e+00 -1.29795e-03
  4560      0.768  3.46949e+00 -9.52150e+00 -6.05201e+00 -1.33813e-03
  4570      0.734  3.31276e+00 -9.56405e+00 -6.25129e+00 -1.36879e-03
  4580      0.709  3.20030e+00 -9.61044e+00 -6.41014e+00 -1.39096e-03
  4590      0.693  3.12793e+00 -9.66080e+00 -6.53288e+00 -1.40534e-03
  4600      0.685  3.09285e+00 -9.71531e+00 -6.62246e+00 -1.41237e-03
  4610      0.685  3.09352e+00 -9.77416e+00 -6.68064e+00 -1.41222e-03
  4620      0.693  3.12949e+00 -9.83756e+00 -6.70807e+00 -1.40485e-03
  4630      0.709  3.20141e+00 -9.90576e+00 -6.70435e+00 -1.38998e-03
  4640      0.733  3.31103e+00 -9.97902e+00 -6.66799e+00 -1.36708e-03
  4650      0.767  3.46126e+00 -1.00576e+01 -6.59636e+00 -1.33536e-03
  4660      0.810  3.65633e+00 -1.01419e+01 -6.48554e+00 -1.29373e-03
  4670      0.864  3.90190e+00 -1.02320e+01 -6.33013e+00 -1.24072e-03
  4680      0.931  4.20540e+00 -1.03284e+01 -6.12297e+00 -1.17446e-03
  4690      1.014  4.57637e+00 -1.04312e+01 -5.85479e+00 -1.09254e-03
  4700      1.113  5.02687e+00 -1.05405e+01 -5.51364e+00 -9.91875e-04
  4710      1.234  5.57215e+00 -1.06565e+01 -5.08432e+00 -8.68575e-04
  4720      1.380  6.23140e+00 -1.07789e+01 -4.54745e+00 -7.17680e-04
  4730      1.557  7.02879e+00 -1.09071e+01 -3.87836e+00 -5.32882e-04
  4740      1.771  7.99474e+00 -1.10404e+01 -3.04561e+00 -3.06128e-04
  4750      2.031  9.16765e+00 -1.11767e+01 -2.00909e+00 -2.70941e-05
  4760      2.347  1.05960e+01 -1.13135e+01 -7.17422e-01  3.17497e-04
  4770      2.734  1.23413e+01 -1.14460e+01  8.95304e-01  7.44804e-04
  4780      3.208  1.44815e+01 -1.15676e+01  2.91392e+00  1.27710e-03
  4790      3.791  1.71155e+01 -1.16676e+01  5.44791e+00  1.94341e-03
  4800      4.512  2.03692e+01 -1.17303e+01  8.63891e+00  2.78172e-03
  4810      5.405  2.44029e+01 -1.17323e+01  1.26705e+01  3.84190e-03
  4820      6.516  2.94203e+01 -1.16389e+01  1.77813e+01  5.18956e-03
  4830      7.903  3.56811e+01 -1.13995e+01  2.42816e+01  6.91099e-03
  4840      9.639  4.35174e+01 -1.09420e+01  3.25754e+01  9.11914e-03
  4850     11.819  5.33583e+01 -1.01681e+01  4.31902e+01  1.19600e-02
  4860     14.569  6.57758e+01 -8.95819e+00  5.68176e+01  1.56162e-02
  4870     18.070  8.15797e+01 -7.20435e+00  7.43754e+01  2.03023e-02
  4880     22.597  1.02019e+02 -4.90556e+00  9.71130e+01  2.62426e-02
  4890     28.597  1.29109e+02 -2.30870e+00  1.26800e+02  3.36505e-02
  4900     36.738  1.65862e+02  1.60108e-01  1.66022e+02  4.28223e-02
  4910     47.809  2.15845e+02  2.65206e+00  2.18497e+02  5.45209e-02
  4920     62.492  2.82134e+02  7.04534e+00  2.89180e+02  7.04662e-02
  4930     81.269  3.66908e+02  1.71987e+01  3.84107e+02  9.33628e-02
  4940    104.579  4.72151e+02  3.80687e+01  5.10219e+02  1.26354e-01
  4950    134.893  6.09010e+02  6.72231e+01  6.76233e+02  1.69547e-01
  4960    182.647  8.24605e+02  7.51995e+01  8.99804e+02  2.13744e-01
  4970    255.843  1.15507e+03  5.97150e+01  1.21478e+03  2.63857e-01
  4980    359.530  1.62319e+03  3.79824e+01  1.66117e+03  3.34288e-01
  4990    507.354  2.29058e+03  2.11956e+00  2.29270e+03  4.32653e-01
  5000    704.941  3.18263e+03 -1.35527e+01  3.16908e+03  5.84530e-01
  5010    966.397  4.36304e+03 -1.46457e+01  4.34840e+03  7.99198e-01
  5020   1302.986  5.88266e+03 -4.33006e+00  5.87833e+03  1.08460e+00
  5030   1703.972  7.69301e+03  6.39355e+01  7.75695e+03  1.45890e+00
  5040   2152.663  9.71874e+03  1.61066e+02  9.87981e+03  1.88910e+00
  5050   2639.987  1.19189e+04  1.34470e+02  1.20534e+04  2.27711e+00
  5060   3068.409  1.38531e+04  7.18556e+01  1.39250e+04  2.59250e+00
  5070   3336.761  1.50647e+04  5.92503e+00  1.50706e+04  2.77256e+00
  5080   3361.215  1.51751e+04 -8.05076e+00  1.51670e+04  2.78195e+00
  5090   3143.271  1.41911e+04 -9.38729e+00  1.41817e+04  2.59933e+00
  5100   2745.413  1.23949e+04 -9.23919e+00  1.23856e+04  2.26945e+00
  5110   2261.719  1.02111e+04 -8.82661e+00  1.02023e+04  1.86915e+00
  5120   1778.463  8.02932e+03 -8.22134e+00  8.02110e+03  1.46963e+00
  5130   1350.852  6.09876e+03 -7.30465e+00  6.09146e+03  1.11654e+00
  5140   1001.648  4.52219e+03 -5.86299e+00  4.51633e+03  8.28731e-01
  5150    731.330  3.30177e+03 -3.84036e+00  3.29793e+03  6.06567e-01
  5160    529.359  2.38993e+03 -1.67455e+00  2.38825e+03  4.40996e-01
  5170    381.929  1.72431e+03 -2.91209e-01  1.72402e+03  3.19996e-01
  5180    275.865  1.24546e+03 -3.52924e-01  1.24511e+03  2.32258e-01
  5190    200.086  9.03338e+02 -1.57265e+00  9.01766e+02  1.68797e-01
  5200    145.970  6.59019e+02 -3.13542e+00  6.55884e+02  1.22997e-01
  5210    107.200  4.83982e+02 -4.46357e+00  4.79519e+02  9.00105e-02
  5220     79.294  3.57995e+02 -5.39036e+00  3.52604e+02  6.62524e-02
  5230     59.104  2.66838e+02 -5.96846e+00  2.60870e+02  4.90984e-02
  5240     44.412  2.00510e+02 -6.30291e+00  1.94207e+02  3.66562e-02
  5250     33.657  1.51953e+02 -6.48421e+00  1.45469e+02  2.75777e-02
  5260     25.732  1.16175e+02 -6.57566e+00  1.09599e+02  2.09072e-02
  5270     19.853  8.96318e+01 -6.61785e+00  8.30139e+01  1.59683e-02
  5280     15.461  6.98010e+01 -6.63566e+00  6.31653e+01  1.22811e-02
  5290     12.155  5.48781e+01 -6.64374e+00  4.82343e+01  9.50428e-03
  5300      9.650  4.35665e+01 -6.65022e+00  3.69163e+01  7.39377e-03
  5310      7.737  3.49294e+01 -6.65919e+00  2.82702e+01  5.77448e-03
  5320      6.265  2.82861e+01 -6.67224e+00  2.16138e+01  4.52009e-03
  5330      5.125  2.31391e+01 -6.68950e+00  1.64496e+01  3.53898e-03
  5340      4.236  1.91227e+01 -6.71034e+00  1.24124e+01  2.76433e-03
  5350      3.536  1.59664e+01 -6.73382e+00  9.23253e+00  2.14710e-03
  5360      2.983  1.34689e+01 -6.75894e+00  6.70993e+00  1.65106e-03
  5370      2.543  1.14797e+01 -6.78478e+00  4.69489e+00  1.24924e-03
  5380      2.190  9.88550e+00 -6.81063e+00  3.07487e+00  9.21400e-04
  5390      1.905  8.60061e+00 -6.83595e+00  1.76466e+00  6.52266e-04
  5400      1.674  7.55980e+00 -6.86039e+00  6.99406e-01  4.30184e-04
  5410      1.487  6.71317e+00 -6.88375e+00 -1.70586e-01  2.46211e-04
  5420      1.334  6.02239e+00 -6.90597e+00 -8.83582e-01  9.34307e-05
  5430      1.209  5.45787e+00 -6.92706e+00 -1.46920e+00 -3.35372e-05
  5440      1.107  4.99668e+00 -6.94712e+00 -1.95044e+00 -1.38900e-04
  5450      1.024  4.62102e+00 -6.96628e+00 -2.34526e+00 -2.25960e-04
  5460      0.956  4.31705e+00 -6.98467e+00 -2.66762e+00 -2.97303e-04
  5470      0.902  4.07406e+00 -7.00247e+00 -2.92840e+00 -3.54955e-04
  5480      0.860  3.88380e+00 -7.01981e+00 -3.13601e+00 -4.00483e-04
  5490      0.828  3.74000e+00 -7.03686e+00 -3.29685e+00 -4.35080e-04
  5500      0.806  3.63805e+00 -7.05372e+00 -3.41567e+00 -4.59621e-04
  5510      0.792  3.57471e+00 -7.07052e+00 -3.49581e+00 -4.74705e-04
  5520      0.786  3.54796e+00 -7.08734e+00 -3.53938e+00 -4.80685e-04
  5530      0.788  3.55687e+00 -7.10422e+00 -3.54735e+00 -4.77684e-04
  5540      0.798  3.60159e+00 -7.12121e+00 -3.51962e+00 -4.65602e-04
  5550      0.816  3.68329e+00 -7.13831e+00 -3.45502e+00 -4.44111e-04
  5560      0.843  3.80426e+00 -7.15549e+00 -3.35124e+00 -4.12642e-04
  5570      0.879  3.96799e+00 -7.17269e+00 -3.20470e+00 -3.70366e-04
  5580      0.926  4.17940e+00 -7.18982e+00 -3.01042e+00 -3.16152e-04
  5590      0.985  4.44500e+00 -7.20675e+00 -2.76175e+00 -2.48519e-04
  5600      1.057  4.77333e+00 -7.22330e+00 -2.44997e+00 -1.65566e-04
  5610      1.146  5.17535e+00 -7.23924e+00 -2.06389e+00 -6.48804e-05
  5620      1.255  5.66509e+00 -7.25430e+00 -1.58921e+00  5.65899e-05
  5630      1.387  6.26048e+00 -7.26812e+00 -1.00764e+00  2.02702e-04
  5640      1.547  6.98438e+00 -7.28024e+00 -2.95853e-01  3.78344e-04
  5650      1.742  7.86604e+00 -7.29002e+00  5.76025e-01  5.89742e-04
  5660      1.981  8.94292e+00 -7.29657e+00  1.64634e+00  8.44873e-04
  5670      2.273  1.02632e+01 -7.29862e+00  2.96454e+00  1.15403e-03
  5680      2.633  1.18888e+01 -7.29414e+00  4.59463e+00  1.53063e-03
  5690      3.079  1.38998e+01 -7.27996e+00  6.61986e+00  1.99226e-03
  5700      3.633  1.63999e+01 -7.25100e+00  9.14894e+00  2.56219e-03
  5710      4.324  1.95235e+01 -7.19907e+00  1.23244e+01  3.27143e-03
  5720      5.193  2.34449e+01 -7.11108e+00  1.63338e+01  4.16149e-03
  5730      6.289  2.83916e+01 -6.96670e+00  2.14249e+01  5.28802e-03
  5740      7.677  3.46612e+01 -6.73557e+00  2.79256e+01  6.72543e-03
  5750      9.446  4.26480e+01 -6.37575e+00  3.62722e+01  8.57198e-03
  5760     11.714  5.28857e+01 -5.83722e+00  4.70485e+01  1.09544e-02
  5770     14.646  6.61227e+01 -5.07917e+00  6.10435e+01  1.40298e-02
  5780     18.485  8.34539e+01 -4.11145e+00  7.93424e+01  1.79833e-02
  5790     23.596  1.06528e+02 -3.05638e+00  1.03472e+02  2.30281e-02
  5800     30.522  1.37800e+02 -2.17359e+00  1.35626e+02  2.94394e-02
  5810     40.031  1.80730e+02 -1.74485e+00  1.78985e+02  3.76640e-02
  5820     53.146  2.39942e+02 -1.83600e+00  2.38106e+02  4.84965e-02
  5830     71.241  3.21634e+02 -2.20868e+00  3.19425e+02  6.32091e-02
  5840     96.248  4.34536e+02 -2.56858e+00  4.31968e+02  8.35790e-02
  5850    130.979  5.91337e+02 -2.88810e+00  5.88449e+02  1.11953e-01
  5860    179.465  8.10242e+02 -3.42379e+00  8.06818e+02  1.51522e-01
  5870    247.316  1.11657e+03 -4.40248e+00  1.11217e+03  2.06804e-01
  5880    342.108  1.54453e+03 -5.74528e+00  1.53879e+03  2.84139e-01
  5890    473.770  2.13895e+03 -7.15560e+00  2.13180e+03  3.91962e-01
  5900    654.648  2.95558e+03 -8.39947e+00  2.94718e+03  5.40686e-01
  5910    898.551  4.05674e+03 -9.41836e+00  4.04732e+03  7.41852e-01
  5920   1217.699  5.49761e+03 -1.01585e+01  5.48745e+03  1.00572e+00
  5930   1616.263  7.29703e+03 -9.99119e+00  7.28704e+03  1.33627e+00
  5940   2079.855  9.39003e+03 -6.09538e+00  9.38394e+03  1.72346e+00
  5950   2563.860  1.15752e+04  8.64739e+00  1.15838e+04  2.13445e+00
  5960   2992.951  1.35124e+04  3.22522e+01  1.35447e+04  2.50493e+00
  5970   3281.898  1.48170e+04  3.11820e+01  1.48481e+04  2.74358e+00
  5980   3354.539  1.51449e+04  1.05649e+01  1.51555e+04  2.79013e+00
  5990   3184.897  1.43790e+04 -3.11695e+00  1.43759e+04  2.63963e+00
