Step    T(K)    KE(kJ)    PE(kJ)    TotE(kJ)    P(MPa)
     0      0.204  9.21922e-01 -1.63104e+03 -1.63011e+03  1.97241e+02
    10      0.546  2.47058e+00 -1.63257e+03 -1.63010e+03  1.96937e+02
    20      1.428  6.46488e+00 -1.63650e+03 -1.63003e+03  1.96155e+02
    30      2.812  1.27306e+01 -1.64251e+03 -1.62978e+03  1.94938e+02
    40      4.648  2.10442e+01 -1.65022e+03 -1.62917e+03  1.93341e+02
    50      6.891  3.11969e+01 -1.65917e+03 -1.62797e+03  1.91432e+02
    60      9.510  4.30548e+01 -1.66897e+03 -1.62591e+03  1.89276e+02
    70     12.503  5.66020e+01 -1.67921e+03 -1.62261e+03  1.86935e+02
    80     15.896  7.19653e+01 -1.68933e+03 -1.61737e+03  1.84481e+02
    90     19.752  8.94207e+01 -1.69936e+03 -1.60994e+03  1.81944e+02
   100     24.157  1.09363e+02 -1.70884e+03 -1.59948e+03  1.79383e+02
   110     29.238  1.32366e+02 -1.71380e+03 -1.58143e+03  1.77074e+02
   120     35.146  1.59112e+02 -1.72207e+03 -1.56295e+03  1.74569e+02
   130     42.041  1.90331e+02 -1.73204e+03 -1.54170e+03  1.72002e+02
   140     50.129  2.26945e+02 -1.74147e+03 -1.51453e+03  1.69554e+02
   150     59.654  2.70069e+02 -1.74888e+03 -1.47881e+03  1.67367e+02
   160     70.906  3.21005e+02 -1.75626e+03 -1.43525e+03  1.65384e+02
   170     84.210  3.81239e+02 -1.76273e+03 -1.38150e+03  1.63731e+02
   180     99.958  4.52533e+02 -1.76604e+03 -1.31351e+03  1.62640e+02
   190    118.583  5.36851e+02 -1.76907e+03 -1.23221e+03  1.62036e+02
   200    140.562  6.36357e+02 -1.77046e+03 -1.13410e+03  1.62120e+02
   210    166.414  7.53394e+02 -1.76935e+03 -1.01596e+03  1.63076e+02
   220    196.662  8.90332e+02 -1.76564e+03 -8.75307e+02  1.65045e+02
   230    231.782  1.04933e+03 -1.75912e+03 -7.09785e+02  1.68174e+02
   240    272.106  1.23188e+03 -1.75014e+03 -5.18260e+02  1.72554e+02
   250    317.668  1.43815e+03 -1.73680e+03 -2.98646e+02  1.78382e+02
   260    368.004  1.66604e+03 -1.71939e+03 -5.33590e+01  1.85654e+02
   270    421.879  1.90994e+03 -1.69693e+03  2.13009e+02  1.94350e+02
   280    477.109  2.15998e+03 -1.66726e+03  4.92723e+02  2.04370e+02
   290    530.866  2.40335e+03 -1.62752e+03  7.75833e+02  2.15439e+02
   300    580.557  2.62831e+03 -1.58255e+03  1.04577e+03  2.26501e+02
   310    624.290  2.82630e+03 -1.54239e+03  1.28392e+03  2.35938e+02
   320    660.102  2.98843e+03 -1.51283e+03  1.47560e+03  2.42401e+02
   330    685.889  3.10517e+03 -1.49922e+03  1.60595e+03  2.44772e+02
   340    699.167  3.16529e+03 -1.50109e+03  1.66420e+03  2.42667e+02
   350    697.104  3.15595e+03 -1.51156e+03  1.64438e+03  2.36591e+02
   360    678.315  3.07089e+03 -1.52322e+03  1.54766e+03  2.27423e+02
   370    644.086  2.91592e+03 -1.53263e+03  1.38330e+03  2.15985e+02
   380    597.817  2.70645e+03 -1.53984e+03  1.16661e+03  2.02985e+02
   390    543.868  2.46221e+03 -1.54619e+03  9.16023e+02  1.89099e+02
   400    486.552  2.20273e+03 -1.55243e+03  6.50305e+02  1.74992e+02
   410    429.409  1.94403e+03 -1.55964e+03  3.84393e+02  1.61203e+02
   420    374.764  1.69664e+03 -1.56680e+03  1.29839e+02  1.48285e+02
   430    323.753  1.46570e+03 -1.57072e+03 -1.05017e+02  1.36795e+02
   440    277.399  1.25585e+03 -1.57159e+03 -3.15737e+02  1.26827e+02
   450    238.126  1.07805e+03 -1.57853e+03 -5.00484e+02  1.17481e+02
   460    206.993  9.37105e+02 -1.59941e+03 -6.62304e+02  1.07908e+02
   470    181.313  8.20847e+02 -1.62531e+03 -8.04461e+02  9.87750e+01
   480    158.669  7.18329e+02 -1.64650e+03 -9.28168e+02  9.08734e+01
   490    138.950  6.29059e+02 -1.66411e+03 -1.03505e+03  8.40248e+01
   500    123.176  5.57644e+02 -1.68456e+03 -1.12691e+03  7.75032e+01
   510    111.529  5.04919e+02 -1.71243e+03 -1.20752e+03  7.07698e+01
   520    102.674  4.64830e+02 -1.74386e+03 -1.27903e+03  6.40691e+01
   530     95.080  4.30447e+02 -1.77339e+03 -1.34294e+03  5.78630e+01
   540     88.147  3.99062e+02 -1.79909e+03 -1.40003e+03  5.23188e+01
   550     81.981  3.71149e+02 -1.82170e+03 -1.45055e+03  4.73380e+01
   560     76.819  3.47775e+02 -1.84380e+03 -1.49602e+03  4.26717e+01
   570     72.731  3.29269e+02 -1.86585e+03 -1.53658e+03  3.82168e+01
   580     69.594  3.15068e+02 -1.88806e+03 -1.57299e+03  3.39217e+01
   590     67.217  3.04307e+02 -1.91051e+03 -1.60620e+03  2.97642e+01
   600     65.476  2.96424e+02 -1.93289e+03 -1.63647e+03  2.57490e+01
   610     64.327  2.91224e+02 -1.95509e+03 -1.66387e+03  2.18665e+01
   620     63.711  2.88435e+02 -1.97727e+03 -1.68883e+03  1.80995e+01
   630     63.487  2.87420e+02 -1.99887e+03 -1.71145e+03  1.44943e+01
   640     63.480  2.87387e+02 -2.01961e+03 -1.73223e+03  1.10946e+01
   650     63.563  2.87763e+02 -2.03880e+03 -1.75104e+03  7.96750e+00
   660     63.684  2.88310e+02 -2.05624e+03 -1.76793e+03  5.13746e+00
   670     63.838  2.89008e+02 -2.07181e+03 -1.78280e+03  2.61553e+00
   680     64.034  2.89897e+02 -2.08572e+03 -1.79583e+03  3.88215e-01
   690     64.282  2.91019e+02 -2.09802e+03 -1.80700e+03 -1.55005e+00
   700     64.593  2.92425e+02 -2.10858e+03 -1.81616e+03 -3.19739e+00
   710     64.985  2.94201e+02 -2.11768e+03 -1.82348e+03 -4.57647e+00
   720     65.484  2.96460e+02 -2.12503e+03 -1.82857e+03 -5.67825e+00
   730     66.118  2.99333e+02 -2.13106e+03 -1.83172e+03 -6.53615e+00
   740     66.916  3.02945e+02 -2.13602e+03 -1.83307e+03 -7.17345e+00
   750     67.906  3.07425e+02 -2.14001e+03 -1.83259e+03 -7.60070e+00
   760     69.113  3.12889e+02 -2.14251e+03 -1.82962e+03 -7.78848e+00
   770     70.568  3.19478e+02 -2.14423e+03 -1.82475e+03 -7.78384e+00
   780     72.326  3.27438e+02 -2.14507e+03 -1.81763e+03 -7.58520e+00
   790     74.468  3.37133e+02 -2.14549e+03 -1.80836e+03 -7.22620e+00
   800     77.065  3.48889e+02 -2.14534e+03 -1.79645e+03 -6.69944e+00
   810     80.139  3.62806e+02 -2.14473e+03 -1.78193e+03 -6.00400e+00
   820     83.664  3.78766e+02 -2.14360e+03 -1.76483e+03 -5.11572e+00
   830     87.615  3.96654e+02 -2.14135e+03 -1.74469e+03 -3.97822e+00
   840     92.036  4.16670e+02 -2.13766e+03 -1.72099e+03 -2.56175e+00
   850     97.083  4.39519e+02 -2.13343e+03 -1.69391e+03 -9.25253e-01
   860    103.011  4.66354e+02 -2.12917e+03 -1.66281e+03  8.88980e-01
   870    110.060  4.98267e+02 -2.12569e+03 -1.62742e+03  2.83109e+00
   880    118.309  5.35612e+02 -2.12247e+03 -1.58686e+03  4.96834e+00
   890    127.633  5.77825e+02 -2.11876e+03 -1.54093e+03  7.41609e+00
   900    137.831  6.23990e+02 -2.11365e+03 -1.48966e+03  1.03058e+01
   910    148.769  6.73510e+02 -2.10541e+03 -1.43190e+03  1.38007e+01
   920    160.431  7.26309e+02 -2.09437e+03 -1.36806e+03  1.79088e+01
   930    172.942  7.82946e+02 -2.08056e+03 -1.29761e+03  2.26263e+01
   940    186.567  8.44631e+02 -2.06478e+03 -1.22015e+03  2.78774e+01
   950    201.603  9.12701e+02 -2.04947e+03 -1.13677e+03  3.34837e+01
   960    218.201  9.87845e+02 -2.03399e+03 -1.04615e+03  3.94738e+01
   970    236.269  1.06964e+03 -2.01882e+03 -9.49176e+02  4.58405e+01
   980    255.374  1.15613e+03 -2.00215e+03 -8.46018e+02  5.27455e+01
   990    274.636  1.24334e+03 -1.98167e+03 -7.38338e+02  6.04119e+01
  1000    292.663  1.32495e+03 -1.95257e+03 -6.27620e+02  6.92225e+01
  1010    308.010  1.39443e+03 -1.91124e+03 -5.16812e+02  7.94116e+01
  1020    320.076  1.44905e+03 -1.85750e+03 -4.08451e+02  9.08035e+01
  1030    329.702  1.49264e+03 -1.79787e+03 -3.05235e+02  1.02575e+02
  1040    338.947  1.53449e+03 -1.74351e+03 -2.09023e+02  1.13482e+02
  1050    349.204  1.58093e+03 -1.70150e+03 -1.20569e+02  1.22698e+02
  1060    359.503  1.62755e+03 -1.66896e+03 -4.14147e+01  1.30372e+02
  1070    368.676  1.66908e+03 -1.64212e+03  2.69591e+01  1.36760e+02
  1080    377.384  1.70850e+03 -1.62586e+03  8.26433e+01  1.41372e+02
  1090    385.637  1.74586e+03 -1.62167e+03  1.24193e+02  1.44050e+02
  1100    391.703  1.77333e+03 -1.62322e+03  1.50112e+02  1.45378e+02
  1110    393.273  1.78044e+03 -1.62129e+03  1.59142e+02  1.46201e+02
  1120    391.215  1.77112e+03 -1.61955e+03  1.51571e+02  1.46187e+02
  1130    386.451  1.74955e+03 -1.62262e+03  1.26931e+02  1.44988e+02
  1140    377.328  1.70825e+03 -1.62134e+03  8.69063e+01  1.43480e+02
  1150    364.595  1.65060e+03 -1.61727e+03  3.33345e+01  1.41590e+02
  1160    349.929  1.58421e+03 -1.61597e+03 -3.17654e+01  1.38861e+02
  1170    335.380  1.51834e+03 -1.62404e+03 -1.05700e+02  1.34730e+02
  1180    321.339  1.45477e+03 -1.64153e+03 -1.86760e+02  1.29265e+02
  1190    306.922  1.38951e+03 -1.66236e+03 -2.72852e+02  1.23117e+02
  1200    291.979  1.32185e+03 -1.68378e+03 -3.61924e+02  1.16656e+02
  1210    277.095  1.25447e+03 -1.70749e+03 -4.53022e+02  1.09870e+02
  1220    262.690  1.18926e+03 -1.73316e+03 -5.43903e+02  1.02873e+02
  1230    247.957  1.12256e+03 -1.75599e+03 -6.33431e+02  9.61887e+01
  1240    233.184  1.05568e+03 -1.77559e+03 -7.19916e+02  8.99034e+01
  1250    220.165  9.96736e+02 -1.79986e+03 -8.03122e+02  8.33416e+01
  1260    208.955  9.45988e+02 -1.82907e+03 -8.83081e+02  7.64800e+01
  1270    198.291  8.97707e+02 -1.85731e+03 -9.59602e+02  6.98732e+01
  1280    188.075  8.51457e+02 -1.88354e+03 -1.03209e+03  6.36393e+01
  1290    178.575  8.08448e+02 -1.90846e+03 -1.10002e+03  5.77250e+01
  1300    169.557  7.67624e+02 -1.93170e+03 -1.16408e+03  5.22021e+01
  1310    160.696  7.27509e+02 -1.95147e+03 -1.22396e+03  4.72465e+01
  1320    151.949  6.87908e+02 -1.96707e+03 -1.27916e+03  4.29200e+01
  1330    143.521  6.49753e+02 -1.97942e+03 -1.32967e+03  3.91334e+01
  1340    135.701  6.14348e+02 -1.99009e+03 -1.37575e+03  3.57272e+01
  1350    128.723  5.82757e+02 -2.00000e+03 -1.41725e+03  3.25794e+01
  1360    122.702  5.55498e+02 -2.01047e+03 -1.45498e+03  2.95569e+01
  1370    117.598  5.32392e+02 -2.02060e+03 -1.48821e+03  2.66905e+01
  1380    113.255  5.12731e+02 -2.03100e+03 -1.51827e+03  2.39432e+01
  1390    109.495  4.95707e+02 -2.04069e+03 -1.54498e+03  2.13866e+01
  1400    106.202  4.80800e+02 -2.04946e+03 -1.56866e+03  1.90431e+01
  1410    103.336  4.67827e+02 -2.05737e+03 -1.58954e+03  1.69076e+01
  1420    100.896  4.56779e+02 -2.06439e+03 -1.60762e+03  1.49750e+01
  1430     98.891  4.47704e+02 -2.07092e+03 -1.62321e+03  1.32109e+01
  1440     97.382  4.40872e+02 -2.07720e+03 -1.63633e+03  1.15798e+01
  1450     96.461  4.36700e+02 -2.08368e+03 -1.64698e+03  1.00330e+01
  1460     96.128  4.35194e+02 -2.09047e+03 -1.65527e+03  8.56076e+00
  1470     96.242  4.35709e+02 -2.09696e+03 -1.66125e+03  7.22185e+00
  1480     96.634  4.37486e+02 -2.10258e+03 -1.66510e+03  6.08225e+00
  1490     97.233  4.40196e+02 -2.10656e+03 -1.66637e+03  5.20616e+00
  1500     98.060  4.43942e+02 -2.10954e+03 -1.66559e+03  4.55666e+00
  1510     99.163  4.48934e+02 -2.11179e+03 -1.66286e+03  4.11223e+00
  1520    100.572  4.55314e+02 -2.11239e+03 -1.65707e+03  3.92609e+00
  1530    102.340  4.63316e+02 -2.11256e+03 -1.64924e+03  3.91682e+00
  1540    104.572  4.73420e+02 -2.11250e+03 -1.63908e+03  4.05831e+00
  1550    107.421  4.86317e+02 -2.11254e+03 -1.62622e+03  4.31698e+00
  1560    111.009  5.02564e+02 -2.11355e+03 -1.61099e+03  4.63527e+00
  1570    115.351  5.22221e+02 -2.11505e+03 -1.59283e+03  5.06299e+00
  1580    120.321  5.44720e+02 -2.11619e+03 -1.57147e+03  5.69718e+00
  1590    125.700  5.69073e+02 -2.11631e+03 -1.54724e+03  6.63838e+00
  1600    131.280  5.94336e+02 -2.11414e+03 -1.51980e+03  8.01766e+00
  1610    136.948  6.19996e+02 -2.10868e+03 -1.48868e+03  9.92641e+00
  1620    142.722  6.46135e+02 -2.10052e+03 -1.45438e+03  1.23304e+01
  1630    148.725  6.73310e+02 -2.09001e+03 -1.41670e+03  1.51863e+01
  1640    155.121  7.02269e+02 -2.07763e+03 -1.37536e+03  1.84352e+01
  1650    162.028  7.33537e+02 -2.06440e+03 -1.33086e+03  2.19899e+01
  1660    169.412  7.66968e+02 -2.04984e+03 -1.28287e+03  2.58762e+01
  1670    177.109  8.01812e+02 -2.03330e+03 -1.23149e+03  3.01351e+01
  1680    185.053  8.37778e+02 -2.01471e+03 -1.17693e+03  3.47401e+01
  1690    193.697  8.76910e+02 -1.99610e+03 -1.11919e+03  3.94482e+01
  1700    204.222  9.24557e+02 -1.98298e+03 -1.05842e+03  4.37233e+01
  1710    217.347  9.83980e+02 -1.97820e+03 -9.94224e+02  4.73022e+01
  1720    231.991  1.05027e+03 -1.97672e+03 -9.26447e+02  5.06786e+01
  1730    246.521  1.11606e+03 -1.97213e+03 -8.56069e+02  5.44876e+01
  1740    259.910  1.17667e+03 -1.96105e+03 -7.84382e+02  5.90531e+01
  1750    271.589  1.22954e+03 -1.94188e+03 -7.12339e+02  6.44778e+01
  1760    281.582  1.27478e+03 -1.91654e+03 -6.41759e+02  7.05343e+01
  1770    289.731  1.31168e+03 -1.88618e+03 -5.74504e+02  7.70470e+01
  1780    295.532  1.33794e+03 -1.84928e+03 -5.11338e+02  8.40261e+01
  1790    299.948  1.35793e+03 -1.81145e+03 -4.53522e+02  9.08437e+01
  1800    304.381  1.37800e+03 -1.77959e+03 -4.01586e+02  9.67598e+01
  1810    308.981  1.39883e+03 -1.75460e+03 -3.55772e+02  1.01579e+02
  1820    314.786  1.42511e+03 -1.74253e+03 -3.17418e+02  1.04714e+02
  1830    322.072  1.45809e+03 -1.74438e+03 -2.86290e+02  1.06039e+02
  1840    328.919  1.48909e+03 -1.75331e+03 -2.64224e+02  1.06246e+02
  1850    332.273  1.50428e+03 -1.75515e+03 -2.50876e+02  1.06628e+02
  1860    331.185  1.49935e+03 -1.74643e+03 -2.47083e+02  1.07536e+02
  1870    327.389  1.48216e+03 -1.73521e+03 -2.53049e+02  1.08253e+02
  1880    321.762  1.45669e+03 -1.72522e+03 -2.68528e+02  1.08439e+02
  1890    314.060  1.42182e+03 -1.71394e+03 -2.92114e+02  1.08301e+02
  1900    306.200  1.38624e+03 -1.70966e+03 -3.23426e+02  1.07105e+02
  1910    299.927  1.35784e+03 -1.71932e+03 -3.61479e+02  1.04232e+02
  1920    294.156  1.33171e+03 -1.73717e+03 -4.05462e+02  1.00220e+02
  1930    288.039  1.30402e+03 -1.75862e+03 -4.54601e+02  9.55559e+01
  1940    281.210  1.27310e+03 -1.78163e+03 -5.08528e+02  9.05238e+01
  1950    273.443  1.23794e+03 -1.80402e+03 -5.66083e+02  8.54050e+01
  1960    264.369  1.19686e+03 -1.82312e+03 -6.26260e+02  8.05298e+01
  1970    253.322  1.14684e+03 -1.83459e+03 -6.87742e+02  7.63534e+01
  1980    240.777  1.09005e+03 -1.83988e+03 -7.49825e+02  7.27977e+01
  1990    228.921  1.03638e+03 -1.84727e+03 -8.10887e+02  6.90940e+01
  2000    219.132  9.92060e+02 -1.86248e+03 -8.70416e+02  6.47105e+01
  2010    210.489  9.52931e+02 -1.88148e+03 -9.28554e+02  6.00386e+01
  2020    201.813  9.13651e+02 -1.89840e+03 -9.84746e+02  5.56596e+01
  2030    192.721  8.72491e+02 -1.91122e+03 -1.03873e+03  5.18148e+01
  2040    183.352  8.30076e+02 -1.91998e+03 -1.08991e+03  4.85263e+01
  2050    173.976  7.87631e+02 -1.92515e+03 -1.13752e+03  4.57389e+01
  2060    164.813  7.46147e+02 -1.92813e+03 -1.18198e+03  4.33197e+01
  2070    156.291  7.07564e+02 -1.93024e+03 -1.22267e+03  4.10968e+01
  2080    149.003  6.74571e+02 -1.93489e+03 -1.26032e+03  3.87365e+01
  2090    143.244  6.48497e+02 -1.94282e+03 -1.29433e+03  3.61136e+01
  2100    138.964  6.29121e+02 -1.95452e+03 -1.32540e+03  3.31815e+01
  2110    136.014  6.15765e+02 -1.96948e+03 -1.35371e+03  2.99931e+01
  2120    134.030  6.06783e+02 -1.98628e+03 -1.37950e+03  2.67072e+01
  2130    132.389  5.99356e+02 -2.00217e+03 -1.40281e+03  2.36121e+01
  2140    130.628  5.91381e+02 -2.01537e+03 -1.42399e+03  2.09159e+01
  2150    128.676  5.82545e+02 -2.02545e+03 -1.44290e+03  1.86806e+01
  2160    126.676  5.73492e+02 -2.03287e+03 -1.45938e+03  1.68682e+01
  2170    124.753  5.64783e+02 -2.03820e+03 -1.47342e+03  1.54254e+01
  2180    122.983  5.56773e+02 -2.04170e+03 -1.48493e+03  1.43166e+01
  2190    121.454  5.49849e+02 -2.04444e+03 -1.49459e+03  1.34553e+01
  2200    120.238  5.44346e+02 -2.04622e+03 -1.50187e+03  1.28307e+01
  2210    119.365  5.40392e+02 -2.04722e+03 -1.50683e+03  1.24169e+01
  2220    118.826  5.37951e+02 -2.04764e+03 -1.50969e+03  1.21914e+01
  2230    118.619  5.37014e+02 -2.04748e+03 -1.51046e+03  1.21442e+01
  2240    118.782  5.37755e+02 -2.04666e+03 -1.50890e+03  1.22625e+01
  2250    119.397  5.40537e+02 -2.04558e+03 -1.50504e+03  1.25016e+01
  2260    120.544  5.45729e+02 -2.04465e+03 -1.49892e+03  1.28178e+01
  2270    122.243  5.53423e+02 -2.04413e+03 -1.49070e+03  1.31889e+01
  2280    124.472  5.63512e+02 -2.04377e+03 -1.48026e+03  1.36317e+01
  2290    127.275  5.76203e+02 -2.04352e+03 -1.46732e+03  1.41453e+01
  2300    130.790  5.92117e+02 -2.04427e+03 -1.45215e+03  1.46628e+01
  2310    135.082  6.11548e+02 -2.04568e+03 -1.43413e+03  1.52088e+01
  2320    140.012  6.33865e+02 -2.04744e+03 -1.41358e+03  1.58403e+01
  2330    145.342  6.57998e+02 -2.04795e+03 -1.38995e+03  1.67099e+01
  2340    150.929  6.83291e+02 -2.04726e+03 -1.36397e+03  1.78510e+01
  2350    156.760  7.09690e+02 -2.04471e+03 -1.33502e+03  1.93191e+01
  2360    162.858  7.37294e+02 -2.04067e+03 -1.30338e+03  2.10949e+01
  2370    169.201  7.66010e+02 -2.03546e+03 -1.26945e+03  2.31683e+01
  2380    175.661  7.95256e+02 -2.02838e+03 -1.23312e+03  2.56024e+01
  2390    181.954  8.23747e+02 -2.01803e+03 -1.19428e+03  2.85158e+01
  2400    187.984  8.51048e+02 -2.00420e+03 -1.15315e+03  3.19104e+01
  2410    194.344  8.79840e+02 -1.98980e+03 -1.10996e+03  3.54991e+01
  2420    201.676  9.13034e+02 -1.97801e+03 -1.06498e+03  3.89832e+01
  2430    209.532  9.48597e+02 -1.96701e+03 -1.01842e+03  4.25243e+01
  2440    217.072  9.82735e+02 -1.95341e+03 -9.70675e+02  4.64211e+01
  2450    224.107  1.01458e+03 -1.93677e+03 -9.22188e+02  5.06836e+01
  2460    230.901  1.04534e+03 -1.91880e+03 -8.73460e+02  5.51092e+01
  2470    237.828  1.07670e+03 -1.90156e+03 -8.24859e+02  5.94457e+01
  2480    245.498  1.11142e+03 -1.88840e+03 -7.76982e+02  6.33339e+01
  2490    254.421  1.15182e+03 -1.88179e+03 -7.29971e+02  6.65010e+01
  2500    264.225  1.19620e+03 -1.88034e+03 -6.84132e+02  6.90463e+01
  2510    273.872  1.23988e+03 -1.88055e+03 -6.40666e+02  7.12929e+01
  2520    282.612  1.27945e+03 -1.87979e+03 -6.00341e+02  7.34726e+01
  2530    289.980  1.31281e+03 -1.87679e+03 -5.63979e+02  7.56976e+01
  2540    295.414  1.33740e+03 -1.87035e+03 -5.32941e+02  7.80929e+01
  2550    298.545  1.35158e+03 -1.85947e+03 -5.07896e+02  8.07421e+01
  2560    299.489  1.35585e+03 -1.84512e+03 -4.89266e+02  8.35399e+01
  2570    298.608  1.35187e+03 -1.82897e+03 -4.77108e+02  8.63001e+01
  2580    295.991  1.34002e+03 -1.81170e+03 -4.71676e+02  8.89415e+01
  2590    291.404  1.31925e+03 -1.79172e+03 -4.72465e+02  9.15628e+01
  2600    284.984  1.29019e+03 -1.76964e+03 -4.79452e+02  9.40731e+01
  2610    277.705  1.25723e+03 -1.74896e+03 -4.91724e+02  9.60785e+01
  2620    271.224  1.22789e+03 -1.73644e+03 -5.08547e+02  9.68819e+01
  2630    267.178  1.20958e+03 -1.73915e+03 -5.29572e+02  9.58047e+01
  2640    265.194  1.20059e+03 -1.75490e+03 -5.54310e+02  9.30786e+01
  2650    262.931  1.19035e+03 -1.77327e+03 -5.82917e+02  8.97839e+01
  2660    258.335  1.16954e+03 -1.78394e+03 -6.14396e+02  8.69835e+01
  2670    250.877  1.13578e+03 -1.78452e+03 -6.48747e+02  8.50123e+01
  2680    242.639  1.09848e+03 -1.78325e+03 -6.84769e+02  8.31489e+01
  2690    236.354  1.07003e+03 -1.79179e+03 -7.21759e+02  8.03281e+01
  2700    231.090  1.04620e+03 -1.80613e+03 -7.59927e+02  7.69254e+01
  2710    224.827  1.01784e+03 -1.81665e+03 -7.98804e+02  7.38384e+01
  2720    218.146  9.87597e+02 -1.82562e+03 -8.38023e+02  7.08998e+01
  2730    212.739  9.63119e+02 -1.84007e+03 -8.76946e+02  6.74799e+01
  2740    208.530  9.44061e+02 -1.85979e+03 -9.15731e+02  6.36227e+01
  2750    203.796  9.22630e+02 -1.87649e+03 -9.53864e+02  6.01114e+01
  2760    197.808  8.95521e+02 -1.88666e+03 -9.91135e+02  5.73114e+01
  2770    191.424  8.66618e+02 -1.89385e+03 -1.02723e+03  5.49145e+01
  2780    185.437  8.39515e+02 -1.90159e+03 -1.06207e+03  5.25912e+01
  2790    179.693  8.13510e+02 -1.90882e+03 -1.09531e+03  5.04104e+01
  2800    173.997  7.87725e+02 -1.91409e+03 -1.12636e+03  4.84793e+01
  2810    168.514  7.62900e+02 -1.91823e+03 -1.15533e+03  4.67188e+01
  2820    163.471  7.40071e+02 -1.92267e+03 -1.18260e+03  4.50027e+01
  2830    159.050  7.20055e+02 -1.92745e+03 -1.20739e+03  4.32910e+01
  2840    155.459  7.03797e+02 -1.93403e+03 -1.23023e+03  4.14523e+01
  2850    152.991  6.92625e+02 -1.94341e+03 -1.25078e+03  3.93757e+01
  2860    151.589  6.86277e+02 -1.95580e+03 -1.26952e+03  3.70566e+01
  2870    150.655  6.82050e+02 -1.96873e+03 -1.28668e+03  3.47394e+01
  2880    149.748  6.77942e+02 -1.97989e+03 -1.30195e+03  3.26468e+01
  2890    148.851  6.73883e+02 -1.98928e+03 -1.31540e+03  3.07992e+01
  2900    148.099  6.70480e+02 -1.99783e+03 -1.32735e+03  2.91311e+01
  2910    147.587  6.68159e+02 -2.00543e+03 -1.33727e+03  2.76445e+01
  2920    147.354  6.67106e+02 -2.01207e+03 -1.34497e+03  2.63431e+01
  2930    147.457  6.67569e+02 -2.01887e+03 -1.35130e+03  2.51656e+01
  2940    147.926  6.69693e+02 -2.02584e+03 -1.35615e+03  2.41226e+01
  2950    148.655  6.72996e+02 -2.03207e+03 -1.35908e+03  2.33045e+01
  2960    149.344  6.76112e+02 -2.03660e+03 -1.36049e+03  2.28297e+01
  2970    149.607  6.77306e+02 -2.03728e+03 -1.35998e+03  2.28906e+01
  2980    149.167  6.75314e+02 -2.03319e+03 -1.35787e+03  2.35728e+01
  2990    148.117  6.70557e+02 -2.02428e+03 -1.35372e+03  2.48284e+01
  3000    147.123  6.66059e+02 -2.01408e+03 -1.34802e+03  2.62904e+01
  3010    147.207  6.66439e+02 -2.00687e+03 -1.34044e+03  2.74939e+01
  3020    149.025  6.74669e+02 -2.00599e+03 -1.33132e+03  2.81075e+01
  3030    152.357  6.89757e+02 -2.00999e+03 -1.32023e+03  2.82494e+01
  3040    156.429  7.08188e+02 -2.01517e+03 -1.30698e+03  2.82858e+01
  3050    160.548  7.26835e+02 -2.01856e+03 -1.29173e+03  2.85326e+01
  3060    164.460  7.44549e+02 -2.01984e+03 -1.27530e+03  2.90714e+01
  3070    168.367  7.62235e+02 -2.01889e+03 -1.25665e+03  2.98914e+01
  3080    172.691  7.81813e+02 -2.01794e+03 -1.23613e+03  3.07989e+01
  3090    177.629  8.04165e+02 -2.01856e+03 -1.21439e+03  3.16801e+01
  3100    182.791  8.27537e+02 -2.01823e+03 -1.19069e+03  3.27543e+01
  3110    187.425  8.48513e+02 -2.01439e+03 -1.16588e+03  3.42932e+01
  3120    190.959  8.64514e+02 -2.00438e+03 -1.13986e+03  3.65314e+01
  3130    193.359  8.75381e+02 -1.98839e+03 -1.11301e+03  3.94278e+01
  3140    195.191  8.83672e+02 -1.96927e+03 -1.08560e+03  4.26794e+01
  3150    197.501  8.94130e+02 -1.95181e+03 -1.05768e+03  4.57927e+01
  3160    201.349  9.11552e+02 -1.94072e+03 -1.02917e+03  4.83029e+01
  3170    207.061  9.37414e+02 -1.93775e+03 -1.00034e+03  5.00575e+01
  3180    213.944  9.68574e+02 -1.93924e+03 -9.70670e+02  5.14021e+01
  3190    220.767  9.99460e+02 -1.94016e+03 -9.40702e+02  5.28434e+01
  3200    226.519  1.02550e+03 -1.93664e+03 -9.11140e+02  5.47668e+01
  3210    230.705  1.04445e+03 -1.92632e+03 -8.81868e+02  5.73681e+01
  3220    233.302  1.05621e+03 -1.91013e+03 -8.53923e+02  6.05504e+01
  3230    234.821  1.06309e+03 -1.89063e+03 -8.27549e+02  6.40290e+01
  3240    236.014  1.06849e+03 -1.87136e+03 -8.02873e+02  6.74256e+01
  3250    237.463  1.07505e+03 -1.85475e+03 -7.79704e+02  7.04634e+01
  3260    239.616  1.08480e+03 -1.84348e+03 -7.58682e+02  7.28935e+01
  3270    242.397  1.09739e+03 -1.83704e+03 -7.39657e+02  7.47526e+01
  3280    244.923  1.10882e+03 -1.83114e+03 -7.22321e+02  7.64286e+01
  3290    246.312  1.11511e+03 -1.82288e+03 -7.07766e+02  7.82094e+01
  3300    246.844  1.11752e+03 -1.81302e+03 -6.95505e+02  7.99776e+01
  3310    247.664  1.12123e+03 -1.80758e+03 -6.86352e+02  8.11672e+01
  3320    249.355  1.12889e+03 -1.80849e+03 -6.79608e+02  8.15475e+01
  3330    251.829  1.14009e+03 -1.81548e+03 -6.75399e+02  8.11454e+01
  3340    254.451  1.15196e+03 -1.82623e+03 -6.74272e+02  8.02291e+01
  3350    255.843  1.15826e+03 -1.83430e+03 -6.76041e+02  7.94466e+01
  3360    254.611  1.15268e+03 -1.83406e+03 -6.81375e+02  7.93881e+01
  3370    250.432  1.13376e+03 -1.82331e+03 -6.89546e+02  8.02530e+01
  3380    244.483  1.10683e+03 -1.80725e+03 -7.00414e+02  8.15438e+01
  3390    238.561  1.08002e+03 -1.79304e+03 -7.13023e+02  8.25350e+01
  3400    233.682  1.05793e+03 -1.78559e+03 -7.27660e+02  8.27477e+01
  3410    229.837  1.04052e+03 -1.78423e+03 -7.43712e+02  8.22103e+01
  3420    226.520  1.02551e+03 -1.78684e+03 -7.61333e+02  8.11351e+01
  3430    223.293  1.01090e+03 -1.79054e+03 -7.79645e+02  7.97892e+01
  3440    219.877  9.95434e+02 -1.79444e+03 -7.99002e+02  7.82929e+01
  3450    216.419  9.79777e+02 -1.79886e+03 -8.19086e+02  7.66318e+01
  3460    213.376  9.66003e+02 -1.80564e+03 -8.39641e+02  7.46540e+01
  3470    210.754  9.54133e+02 -1.81430e+03 -8.60163e+02  7.24070e+01
  3480    208.211  9.42617e+02 -1.82425e+03 -8.81633e+02  6.99942e+01
  3490    205.793  9.31670e+02 -1.83478e+03 -9.03106e+02  6.74753e+01
  3500    203.852  9.22882e+02 -1.84752e+03 -9.24635e+02  6.47216e+01
  3510    202.393  9.16277e+02 -1.86214e+03 -9.45860e+02  6.17742e+01
  3520    201.068  9.10279e+02 -1.87744e+03 -9.67163e+02  5.87797e+01
  3530    199.628  9.03759e+02 -1.89208e+03 -9.88322e+02  5.58905e+01
  3540    197.815  8.95552e+02 -1.90488e+03 -1.00933e+03  5.32573e+01
  3550    195.248  8.83930e+02 -1.91360e+03 -1.02967e+03  5.11116e+01
  3560    191.751  8.68099e+02 -1.91786e+03 -1.04976e+03  4.95330e+01
  3570    187.434  8.48555e+02 -1.91753e+03 -1.06897e+03  4.85227e+01
  3580    182.595  8.26649e+02 -1.91397e+03 -1.08732e+03  4.79423e+01
  3590    177.554  8.03826e+02 -1.90840e+03 -1.10458e+03  4.76440e+01
  3600    172.579  7.81304e+02 -1.90187e+03 -1.12056e+03  4.74905e+01
  3610    168.174  7.61362e+02 -1.89613e+03 -1.13477e+03  4.72654e+01
  3620    165.101  7.47450e+02 -1.89525e+03 -1.14780e+03  4.65824e+01
  3630    163.830  7.41694e+02 -1.90074e+03 -1.15905e+03  4.52616e+01
  3640    164.139  7.43094e+02 -1.91193e+03 -1.16884e+03  4.33743e+01
  3650    165.407  7.48833e+02 -1.92625e+03 -1.17742e+03  4.11865e+01
  3660    167.075  7.56385e+02 -1.94108e+03 -1.18469e+03  3.89736e+01
  3670    168.629  7.63422e+02 -1.95434e+03 -1.19092e+03  3.69711e+01
  3680    169.626  7.67935e+02 -1.96412e+03 -1.19618e+03  3.53846e+01
  3690    170.019  7.69712e+02 -1.96994e+03 -1.20023e+03  3.42603e+01
  3700    170.178  7.70436e+02 -1.97358e+03 -1.20314e+03  3.34334e+01
  3710    170.611  7.72397e+02 -1.97726e+03 -1.20486e+03  3.26813e+01
  3720    171.652  7.77106e+02 -1.98243e+03 -1.20532e+03  3.18582e+01
  3730    173.252  7.84353e+02 -1.98883e+03 -1.20448e+03  3.09886e+01
  3740    175.029  7.92395e+02 -1.99520e+03 -1.20281e+03  3.02173e+01
  3750    176.542  7.99244e+02 -1.99964e+03 -1.20040e+03  2.97392e+01
  3760    177.596  8.04019e+02 -2.00078e+03 -1.19676e+03  2.96772e+01
  3770    178.332  8.07351e+02 -1.99984e+03 -1.19249e+03  2.99373e+01
  3780    179.083  8.10751e+02 -1.99817e+03 -1.18742e+03  3.03864e+01
  3790    180.067  8.15204e+02 -1.99591e+03 -1.18071e+03  3.09806e+01
  3800    181.176  8.20224e+02 -1.99382e+03 -1.17359e+03  3.16872e+01
  3810    182.069  8.24268e+02 -1.98992e+03 -1.16566e+03  3.26756e+01
  3820    182.402  8.25773e+02 -1.98229e+03 -1.15652e+03  3.41089e+01
  3830    181.987  8.23895e+02 -1.97052e+03 -1.14663e+03  3.60225e+01
  3840    180.921  8.19072e+02 -1.95552e+03 -1.13645e+03  3.83184e+01
  3850    179.649  8.13313e+02 -1.93860e+03 -1.12529e+03  4.08136e+01
  3860    178.751  8.09244e+02 -1.92265e+03 -1.11341e+03  4.32004e+01
  3870    178.697  8.09002e+02 -1.90968e+03 -1.10068e+03  4.52365e+01
  3880    180.018  8.14981e+02 -1.90198e+03 -1.08700e+03  4.66682e+01
  3890    183.107  8.28966e+02 -1.90160e+03 -1.07263e+03  4.73038e+01
  3900    187.655  8.49558e+02 -1.90661e+03 -1.05705e+03  4.73226e+01
  3910    192.855  8.73096e+02 -1.91367e+03 -1.04057e+03  4.70796e+01
  3920    198.156  8.97096e+02 -1.92057e+03 -1.02347e+03  4.68314e+01
  3930    203.458  9.21102e+02 -1.92659e+03 -1.00549e+03  4.66779e+01
  3940    208.604  9.44397e+02 -1.93211e+03 -9.87718e+02  4.66510e+01
  3950    213.058  9.64560e+02 -1.93410e+03 -9.69538e+02  4.70283e+01
  3960    216.247  9.78999e+02 -1.93048e+03 -9.51483e+02  4.80099e+01
  3970    218.176  9.87733e+02 -1.92147e+03 -9.33740e+02  4.95563e+01
  3980    219.492  9.93692e+02 -1.91078e+03 -9.17084e+02  5.13153e+01
  3990    220.814  9.99673e+02 -1.90103e+03 -9.01354e+02  5.30094e+01
  4000    222.258  1.00621e+03 -1.89287e+03 -8.86662e+02  5.45630e+01
  4010    223.705  1.01276e+03 -1.88563e+03 -8.72867e+02  5.60242e+01
  4020    224.965  1.01847e+03 -1.87859e+03 -8.60121e+02  5.74506e+01
  4030    225.964  1.02299e+03 -1.87163e+03 -8.48635e+02  5.88420e+01
  4040    227.008  1.02772e+03 -1.86658e+03 -8.38863e+02  6.00250e+01
  4050    227.991  1.03217e+03 -1.86217e+03 -8.30006e+02  6.10805e+01
  4060    228.329  1.03370e+03 -1.85631e+03 -8.22613e+02  6.22067e+01
  4070    228.038  1.03238e+03 -1.84869e+03 -8.16309e+02  6.34120e+01
  4080    227.443  1.02968e+03 -1.84132e+03 -8.11633e+02  6.45147e+01
  4090    226.748  1.02654e+03 -1.83539e+03 -8.08852e+02  6.53924e+01
  4100    226.380  1.02487e+03 -1.83199e+03 -8.07122e+02  6.58955e+01
  4110    227.046  1.02789e+03 -1.83461e+03 -8.06721e+02  6.56985e+01
  4120    228.975  1.03662e+03 -1.84468e+03 -8.08054e+02  6.46882e+01
  4130    231.246  1.04690e+03 -1.85742e+03 -8.10519e+02  6.33100e+01
  4140    232.667  1.05334e+03 -1.86806e+03 -8.14730e+02  6.20600e+01
  4150    232.792  1.05390e+03 -1.87434e+03 -8.20438e+02  6.11755e+01
  4160    231.845  1.04961e+03 -1.87776e+03 -8.28146e+02  6.05549e+01
  4170    230.179  1.04207e+03 -1.87912e+03 -8.37042e+02  6.01084e+01
  4180    227.962  1.03203e+03 -1.87991e+03 -8.47877e+02  5.97196e+01
  4190    225.332  1.02013e+03 -1.87997e+03 -8.59840e+02  5.93813e+01
  4200    222.486  1.00724e+03 -1.87983e+03 -8.72591e+02  5.90362e+01
  4210    219.436  9.93436e+02 -1.87996e+03 -8.86527e+02  5.86603e+01
  4220    215.980  9.77792e+02 -1.87896e+03 -9.01164e+02  5.83714e+01
  4230    211.966  9.59618e+02 -1.87571e+03 -9.16089e+02  5.82596e+01
  4240    207.563  9.39683e+02 -1.87153e+03 -9.31851e+02  5.82137e+01
  4250    203.372  9.20709e+02 -1.86848e+03 -9.47773e+02  5.80114e+01
  4260    200.058  9.05706e+02 -1.86926e+03 -9.63558e+02  5.73813e+01
  4270    197.811  8.95537e+02 -1.87429e+03 -9.78750e+02  5.62723e+01
  4280    196.206  8.88268e+02 -1.88206e+03 -9.93797e+02  5.48527e+01
  4290    194.698  8.81442e+02 -1.88999e+03 -1.00855e+03  5.33879e+01
  4300    193.023  8.73857e+02 -1.89694e+03 -1.02309e+03  5.20192e+01
  4310    191.051  8.64933e+02 -1.90197e+03 -1.03703e+03  5.08508e+01
  4320    188.712  8.54340e+02 -1.90455e+03 -1.05021e+03  4.99422e+01
  4330    186.109  8.42557e+02 -1.90542e+03 -1.06286e+03  4.92404e+01
  4340    183.670  8.31514e+02 -1.90637e+03 -1.07486e+03  4.85757e+01
  4350    181.633  8.22295e+02 -1.90836e+03 -1.08607e+03  4.78549e+01
  4360    179.582  8.13008e+02 -1.90947e+03 -1.09646e+03  4.72526e+01
  4370    177.171  8.02093e+02 -1.90746e+03 -1.10537e+03  4.69528e+01
  4380    174.698  7.90897e+02 -1.90463e+03 -1.11373e+03  4.67702e+01
  4390    172.645  7.81601e+02 -1.90245e+03 -1.12085e+03  4.65342e+01
  4400    171.244  7.75258e+02 -1.90225e+03 -1.12699e+03  4.61179e+01
  4410    170.643  7.72537e+02 -1.90421e+03 -1.13167e+03  4.54841e+01
  4420    170.931  7.73841e+02 -1.90904e+03 -1.13519e+03  4.45858e+01
  4430    171.875  7.78116e+02 -1.91594e+03 -1.13782e+03  4.35232e+01
  4440    172.923  7.82862e+02 -1.92210e+03 -1.13924e+03  4.25716e+01
  4450    173.564  7.85763e+02 -1.92527e+03 -1.13951e+03  4.19588e+01
  4460    173.809  7.86871e+02 -1.92590e+03 -1.13903e+03  4.16605e+01
  4470    174.293  7.89066e+02 -1.92620e+03 -1.13713e+03  4.14479e+01
  4480    175.578  7.94879e+02 -1.92947e+03 -1.13459e+03  4.10333e+01
  4490    177.462  8.03411e+02 -1.93427e+03 -1.13086e+03  4.05291e+01
  4500    179.376  8.12075e+02 -1.93820e+03 -1.12613e+03  4.01621e+01
  4510    181.102  8.19890e+02 -1.94039e+03 -1.12050e+03  4.00140e+01
  4520    182.851  8.27809e+02 -1.94222e+03 -1.11441e+03  3.99624e+01
  4530    184.846  8.36841e+02 -1.94394e+03 -1.10710e+03  3.99536e+01
  4540    187.039  8.46769e+02 -1.94599e+03 -1.09922e+03  3.99618e+01
  4550    189.236  8.56713e+02 -1.94728e+03 -1.09057e+03  4.00790e+01
  4560    191.349  8.66280e+02 -1.94766e+03 -1.08138e+03  4.03233e+01
  4570    193.477  8.75913e+02 -1.94742e+03 -1.07151e+03  4.06577e+01
  4580    195.709  8.86021e+02 -1.94758e+03 -1.06156e+03  4.10001e+01
  4590    197.928  8.96066e+02 -1.94739e+03 -1.05133e+03  4.14064e+01
  4600    199.894  9.04967e+02 -1.94573e+03 -1.04077e+03  4.19727e+01
  4610    201.461  9.12060e+02 -1.94235e+03 -1.03030e+03  4.27240e+01
  4620    202.658  9.17480e+02 -1.93673e+03 -1.01925e+03  4.36745e+01
  4630    203.644  9.21944e+02 -1.93072e+03 -1.00877e+03  4.46667e+01
  4640    204.654  9.26515e+02 -1.92493e+03 -9.98412e+02  4.56106e+01
  4650    205.901  9.32161e+02 -1.92028e+03 -9.88122e+02  4.64042e+01
  4660    207.491  9.39358e+02 -1.91725e+03 -9.77888e+02  4.69986e+01
  4670    209.486  9.48391e+02 -1.91622e+03 -9.67832e+02  4.73611e+01
  4680    211.982  9.59692e+02 -1.91787e+03 -9.58176e+02  4.74494e+01
  4690    214.867  9.72752e+02 -1.92172e+03 -9.48970e+02  4.73252e+01
  4700    217.531  9.84810e+02 -1.92507e+03 -9.40261e+02  4.72625e+01
  4710    219.054  9.91708e+02 -1.92479e+03 -9.33081e+02  4.75958e+01
  4720    219.016  9.91533e+02 -1.91817e+03 -9.26639e+02  4.85465e+01
  4730    218.200  9.87841e+02 -1.90880e+03 -9.20960e+02  4.97679e+01
  4740    217.852  9.86263e+02 -1.90228e+03 -9.16014e+02  5.07258e+01
  4750    218.063  9.87220e+02 -1.89910e+03 -9.11884e+02  5.13616e+01
  4760    218.295  9.88272e+02 -1.89634e+03 -9.08068e+02  5.19232e+01
  4770    218.644  9.89850e+02 -1.89554e+03 -9.05685e+02  5.23036e+01
  4780    219.655  9.94429e+02 -1.89853e+03 -9.04096e+02  5.23251e+01
  4790    220.968  1.00037e+03 -1.90393e+03 -9.03556e+02  5.21365e+01
  4800    221.164  1.00126e+03 -1.90509e+03 -9.03827e+02  5.23490e+01
  4810    219.472  9.93598e+02 -1.89877e+03 -9.05170e+02  5.32541e+01
  4820    216.808  9.81539e+02 -1.88912e+03 -9.07580e+02  5.44251e+01
  4830    215.389  9.75113e+02 -1.88576e+03 -9.10646e+02  5.49155e+01
  4840    216.140  9.78514e+02 -1.89336e+03 -9.14850e+02  5.42794e+01
  4850    217.719  9.85663e+02 -1.90539e+03 -9.19724e+02  5.31129e+01
  4860    218.619  9.89737e+02 -1.91527e+03 -9.25529e+02  5.20759e+01
  4870    218.022  9.87035e+02 -1.91916e+03 -9.32122e+02  5.15709e+01
  4880    215.881  9.77342e+02 -1.91678e+03 -9.39440e+02  5.16577e+01
  4890    212.640  9.62670e+02 -1.91049e+03 -9.47823e+02  5.21404e+01
  4900    208.824  9.45395e+02 -1.90171e+03 -9.56320e+02  5.28412e+01
  4910    205.275  9.29326e+02 -1.89450e+03 -9.65169e+02  5.33642e+01
  4920    202.999  9.19024e+02 -1.89320e+03 -9.74173e+02  5.32731e+01
  4930    202.243  9.15599e+02 -1.89883e+03 -9.83232e+02  5.24633e+01
  4940    202.163  9.15238e+02 -1.90739e+03 -9.92152e+02  5.13108e+01
  4950    201.855  9.13843e+02 -1.91552e+03 -1.00167e+03  5.01769e+01
  4960    201.195  9.10855e+02 -1.92152e+03 -1.01067e+03  4.92167e+01
  4970    200.253  9.06589e+02 -1.92682e+03 -1.02023e+03  4.83616e+01
  4980    198.719  8.99644e+02 -1.92920e+03 -1.02956e+03  4.78072e+01
  4990    196.412  8.89203e+02 -1.92765e+03 -1.03845e+03  4.76493e+01
  5000    193.553  8.76256e+02 -1.92343e+03 -1.04717e+03  4.77766e+01
  5010    190.648  8.63106e+02 -1.91852e+03 -1.05541e+03  4.79802e+01
  5020    188.118  8.51652e+02 -1.91472e+03 -1.06307e+03  4.80661e+01
  5030    186.229  8.43101e+02 -1.91352e+03 -1.07042e+03  4.78797e+01
  5040    185.308  8.38932e+02 -1.91611e+03 -1.07718e+03  4.72816e+01
  5050    185.668  8.40561e+02 -1.92397e+03 -1.08341e+03  4.61307e+01
  5060    187.194  8.47471e+02 -1.93639e+03 -1.08892e+03  4.45025e+01
  5070    189.087  8.56038e+02 -1.95003e+03 -1.09399e+03  4.27503e+01
  5080    190.440  8.62165e+02 -1.96053e+03 -1.09837e+03  4.13152e+01
  5090    190.836  8.63956e+02 -1.96646e+03 -1.10250e+03  4.03891e+01
  5100    190.307  8.61562e+02 -1.96774e+03 -1.10618e+03  4.00011e+01
  5110    189.125  8.56211e+02 -1.96567e+03 -1.10946e+03  4.00489e+01
  5120    187.597  8.49296e+02 -1.96148e+03 -1.11219e+03  4.04160e+01
  5130    185.866  8.41455e+02 -1.95589e+03 -1.11444e+03  4.10321e+01
  5140    183.893  8.32523e+02 -1.94841e+03 -1.11588e+03  4.19189e+01
  5150    181.667  8.22448e+02 -1.93877e+03 -1.11632e+03  4.30711e+01
  5160    179.425  8.12296e+02 -1.92850e+03 -1.11621e+03  4.43299e+01
  5170    177.649  8.04256e+02 -1.91959e+03 -1.11534e+03  4.54723e+01
  5180    176.709  8.00004e+02 -1.91358e+03 -1.11358e+03  4.63229e+01
  5190    176.534  7.99207e+02 -1.91037e+03 -1.11116e+03  4.68790e+01
  5200    176.879  8.00772e+02 -1.90838e+03 -1.10760e+03  4.72659e+01
  5210    177.766  8.04787e+02 -1.90763e+03 -1.10284e+03  4.74838e+01
  5220    179.282  8.11652e+02 -1.90889e+03 -1.09724e+03  4.74842e+01
  5230    181.196  8.20316e+02 -1.91129e+03 -1.09098e+03  4.73646e+01
  5240    183.214  8.29449e+02 -1.91321e+03 -1.08376e+03  4.72700e+01
  5250    185.461  8.39623e+02 -1.91530e+03 -1.07567e+03  4.71406e+01
  5260    188.369  8.52789e+02 -1.91970e+03 -1.06692e+03  4.67790e+01
  5270    192.082  8.69600e+02 -1.92714e+03 -1.05754e+03  4.61206e+01
  5280    196.277  8.88590e+02 -1.93624e+03 -1.04765e+03  4.52994e+01
  5290    200.523  9.07814e+02 -1.94511e+03 -1.03729e+03  4.45035e+01
  5300    204.522  9.25919e+02 -1.95281e+03 -1.02689e+03  4.38443e+01
  5310    207.992  9.41626e+02 -1.95799e+03 -1.01636e+03  4.34551e+01
  5320    210.656  9.53687e+02 -1.95988e+03 -1.00620e+03  4.34205e+01
  5330    212.573  9.62365e+02 -1.95832e+03 -9.95956e+02  4.37347e+01
  5340    214.171  9.69599e+02 -1.95591e+03 -9.86313e+02  4.41662e+01
  5350    215.751  9.76754e+02 -1.95404e+03 -9.77283e+02  4.45747e+01
  5360    217.177  9.83210e+02 -1.95222e+03 -9.69014e+02  4.49991e+01
  5370    218.112  9.87441e+02 -1.94906e+03 -9.61615e+02  4.55656e+01
  5380    218.461  9.89023e+02 -1.94442e+03 -9.55398e+02  4.62865e+01
  5390    218.423  9.88851e+02 -1.93887e+03 -9.50019e+02  4.70916e+01
  5400    218.213  9.87901e+02 -1.93345e+03 -9.45545e+02  4.78784e+01
  5410    217.991  9.86895e+02 -1.92876e+03 -9.41866e+02  4.85817e+01
  5420    217.919  9.86570e+02 -1.92574e+03 -9.39170e+02  4.91205e+01
  5430    218.101  9.87394e+02 -1.92464e+03 -9.37249e+02  4.94695e+01
  5440    218.456  9.89002e+02 -1.92542e+03 -9.36414e+02  4.96566e+01
  5450    218.640  9.89830e+02 -1.92595e+03 -9.36120e+02  4.98788e+01
  5460    218.118  9.87470e+02 -1.92415e+03 -9.36675e+02  5.03629e+01
  5470    216.437  9.79861e+02 -1.91865e+03 -9.38786e+02  5.12735e+01
  5480    213.432  9.66255e+02 -1.90712e+03 -9.40862e+02  5.27835e+01
  5490    209.205  9.47118e+02 -1.89071e+03 -9.43588e+02  5.47968e+01
  5500    204.143  9.24203e+02 -1.87131e+03 -9.47107e+02  5.71045e+01
  5510    199.218  9.01903e+02 -1.85215e+03 -9.50242e+02  5.93163e+01
  5520    195.919  8.86969e+02 -1.84064e+03 -9.53672e+02  6.07072e+01
  5530    195.129  8.83394e+02 -1.84001e+03 -9.56612e+02  6.09194e+01
  5540    196.263  8.88528e+02 -1.84781e+03 -9.59281e+02  6.01819e+01
  5550    198.159  8.97112e+02 -1.85903e+03 -9.61920e+02  5.90032e+01
  5560    199.981  9.05357e+02 -1.87007e+03 -9.64715e+02  5.77817e+01
  5570    201.181  9.10793e+02 -1.87803e+03 -9.67237e+02  5.68266e+01
  5580    201.553  9.12474e+02 -1.88242e+03 -9.69951e+02  5.62324e+01
  5590    201.386  9.11719e+02 -1.88434e+03 -9.72625e+02  5.59042e+01
  5600    200.994  9.09946e+02 -1.88562e+03 -9.75673e+02  5.56742e+01
  5610    200.372  9.07128e+02 -1.88580e+03 -9.78669e+02  5.55424e+01
  5620    199.618  9.03715e+02 -1.88494e+03 -9.81220e+02  5.54623e+01
  5630    199.060  9.01191e+02 -1.88523e+03 -9.84039e+02  5.52289e+01
  5640    198.923  9.00569e+02 -1.88760e+03 -9.87026e+02  5.47410e+01
  5650    199.155  9.01621e+02 -1.89120e+03 -9.89577e+02  5.40556e+01
  5660    199.568  9.03490e+02 -1.89600e+03 -9.92508e+02  5.32076e+01
  5670    199.994  9.05417e+02 -1.90055e+03 -9.95135e+02  5.23205e+01
  5680    200.583  9.08085e+02 -1.90613e+03 -9.98041e+02  5.13151e+01
  5690    201.622  9.12786e+02 -1.91373e+03 -1.00094e+03  5.01200e+01
  5700    202.966  9.18872e+02 -1.92279e+03 -1.00392e+03  4.88299e+01
  5710    203.957  9.23357e+02 -1.93019e+03 -1.00683e+03  4.77713e+01
  5720    203.801  9.22652e+02 -1.93274e+03 -1.01009e+03  4.72744e+01
  5730    202.327  9.15981e+02 -1.92936e+03 -1.01338e+03  4.74273e+01
  5740    200.477  9.07605e+02 -1.92412e+03 -1.01651e+03  4.78180e+01
  5750    199.385  9.02663e+02 -1.92184e+03 -1.01918e+03  4.79532e+01
  5760    199.081  9.01285e+02 -1.92367e+03 -1.02239e+03  4.77258e+01
  5770    199.088  9.01316e+02 -1.92694e+03 -1.02562e+03  4.73578e+01
  5780    199.174  9.01704e+02 -1.93059e+03 -1.02889e+03  4.69606e+01
  5790    199.149  9.01591e+02 -1.93357e+03 -1.03197e+03  4.66524e+01
  5800    198.684  8.99485e+02 -1.93483e+03 -1.03535e+03  4.65690e+01
  5810    197.493  8.94097e+02 -1.93227e+03 -1.03818e+03  4.69047e+01
  5820    195.539  8.85249e+02 -1.92639e+03 -1.04114e+03  4.76486e+01
  5830    193.009  8.73796e+02 -1.91738e+03 -1.04358e+03  4.87613e+01
  5840    190.306  8.61559e+02 -1.90734e+03 -1.04578e+03  5.00420e+01
  5850    188.024  8.51225e+02 -1.89836e+03 -1.04714e+03  5.12552e+01
  5860    186.557  8.44587e+02 -1.89288e+03 -1.04830e+03  5.21769e+01
  5870    185.711  8.40756e+02 -1.88945e+03 -1.04869e+03  5.29115e+01
  5880    184.845  8.36833e+02 -1.88570e+03 -1.04886e+03  5.36887e+01
  5890    183.484  8.30675e+02 -1.87872e+03 -1.04805e+03  5.47435e+01
  5900    181.913  8.23562e+02 -1.87045e+03 -1.04688e+03  5.59005e+01
  5910    181.128  8.20006e+02 -1.86495e+03 -1.04494e+03  5.67479e+01
  5920    181.768  8.22904e+02 -1.86529e+03 -1.04239e+03  5.69930e+01
  5930    183.302  8.29851e+02 -1.86859e+03 -1.03874e+03  5.68821e+01
  5940    185.073  8.37866e+02 -1.87238e+03 -1.03451e+03  5.66678e+01
  5950    186.960  8.46409e+02 -1.87611e+03 -1.02970e+03  5.64157e+01
  5960    188.739  8.54465e+02 -1.87877e+03 -1.02431e+03  5.62304e+01
  5970    190.085  8.60559e+02 -1.87885e+03 -1.01829e+03  5.62489e+01
  5980    191.089  8.65101e+02 -1.87672e+03 -1.01162e+03  5.64240e+01
  5990    192.401  8.71044e+02 -1.87550e+03 -1.00445e+03  5.64547e+01
  6000    194.906  8.82385e+02 -1.87963e+03 -9.97244e+02  5.59341e+01
  6010    198.947  9.00678e+02 -1.89014e+03 -9.89465e+02  5.47598e+01
  6020    203.783  9.22571e+02 -1.90409e+03 -9.81515e+02  5.32425e+01
  6030    208.331  9.43160e+02 -1.91666e+03 -9.73501e+02  5.18605e+01
  6040    212.220  9.60767e+02 -1.92617e+03 -9.65404e+02  5.08005e+01
  6050    215.478  9.75516e+02 -1.93353e+03 -9.58018e+02  5.00244e+01
  6060    217.806  9.86055e+02 -1.93762e+03 -9.51562e+02  4.96472e+01
  6070    218.887  9.90949e+02 -1.93683e+03 -9.45878e+02  4.98007e+01
  6080    218.878  9.90909e+02 -1.93173e+03 -9.40821e+02  5.04061e+01
  6090    218.105  9.87409e+02 -1.92404e+03 -9.36636e+02  5.12772e+01
  6100    216.752  9.81284e+02 -1.91469e+03 -9.33409e+02  5.22846e+01
  6110    215.415  9.75233e+02 -1.90616e+03 -9.30931e+02  5.31453e+01
  6120    215.132  9.73953e+02 -1.90320e+03 -9.29251e+02  5.33924e+01
  6130    216.318  9.79319e+02 -1.90771e+03 -9.28388e+02  5.28481e+01
  6140    218.322  9.88394e+02 -1.91721e+03 -9.28818e+02  5.17830e+01
  6150    220.152  9.96678e+02 -1.92664e+03 -9.29966e+02  5.06977e+01
  6160    221.219  1.00151e+03 -1.93352e+03 -9.32013e+02  4.98839e+01
  6170    221.244  1.00162e+03 -1.93635e+03 -9.34732e+02  4.95192e+01
  6180    219.928  9.95663e+02 -1.93437e+03 -9.38710e+02  4.97204e+01
  6190    217.247  9.83527e+02 -1.92699e+03 -9.43462e+02  5.05360e+01
  6200    213.532  9.66707e+02 -1.91592e+03 -9.49211e+02  5.18020e+01
  6210    209.115  9.46713e+02 -1.90164e+03 -9.54926e+02  5.34095e+01
  6220    204.439  9.25540e+02 -1.88689e+03 -9.61346e+02  5.50813e+01
  6230    200.267  9.06654e+02 -1.87434e+03 -9.67682e+02  5.64936e+01
  6240    197.412  8.93728e+02 -1.86826e+03 -9.74537e+02  5.72292e+01
  6250    196.088  8.87736e+02 -1.86832e+03 -9.80588e+02  5.72551e+01
  6260    195.649  8.85749e+02 -1.87251e+03 -9.86758e+02  5.67838e+01
  6270    195.049  8.83029e+02 -1.87566e+03 -9.92632e+02  5.62900e+01
  6280    193.814  8.77439e+02 -1.87552e+03 -9.98086e+02  5.59906e+01
  6290    192.692  8.72359e+02 -1.87570e+03 -1.00334e+03  5.55684e+01
  6300    193.038  8.73926e+02 -1.88211e+03 -1.00819e+03  5.44862e+01
  6310    194.771  8.81772e+02 -1.89457e+03 -1.01280e+03  5.27939e+01
  6320    196.422  8.89245e+02 -1.90672e+03 -1.01747e+03  5.11217e+01
  6330    197.438  8.93845e+02 -1.91569e+03 -1.02184e+03  4.97608e+01
  6340    198.347  8.97961e+02 -1.92366e+03 -1.02570e+03  4.85281e+01
  6350    199.720  9.04179e+02 -1.93341e+03 -1.02923e+03  4.71863e+01
  6360    201.600  9.12688e+02 -1.94592e+03 -1.03324e+03  4.56825e+01
  6370    203.450  9.21065e+02 -1.95869e+03 -1.03763e+03  4.42701e+01
  6380    204.452  9.25600e+02 -1.96760e+03 -1.04200e+03  4.33455e+01
  6390    203.906  9.23130e+02 -1.96959e+03 -1.04646e+03  4.32127e+01
  6400    201.528  9.12363e+02 -1.96354e+03 -1.05118e+03  4.39759e+01
  6410    197.539  8.94304e+02 -1.95008e+03 -1.05578e+03  4.55273e+01
  6420    192.628  8.72072e+02 -1.93292e+03 -1.06084e+03  4.74732e+01
  6430    187.903  8.50681e+02 -1.91594e+03 -1.06526e+03  4.93377e+01
  6440    184.574  8.35607e+02 -1.90421e+03 -1.06861e+03  5.05684e+01
  6450    183.280  8.29750e+02 -1.90096e+03 -1.07121e+03  5.08429e+01
  6460    183.817  8.32179e+02 -1.90532e+03 -1.07314e+03  5.02578e+01
  6470    185.307  8.38927e+02 -1.91351e+03 -1.07458e+03  4.92198e+01
  6480    186.771  8.45552e+02 -1.92062e+03 -1.07506e+03  4.82348e+01
  6490    187.872  8.50537e+02 -1.92592e+03 -1.07538e+03  4.74560e+01
  6500    188.583  8.53756e+02 -1.92849e+03 -1.07474e+03  4.69841e+01
  6510    188.890  8.55145e+02 -1.92863e+03 -1.07349e+03  4.68132e+01
  6520    189.419  8.57541e+02 -1.92968e+03 -1.07214e+03  4.66524e+01
  6530    190.631  8.63031e+02 -1.93321e+03 -1.07018e+03  4.63362e+01
  6540    192.019  8.69315e+02 -1.93734e+03 -1.06803e+03  4.60442e+01
  6550    192.940  8.73485e+02 -1.93896e+03 -1.06548e+03  4.60493e+01
  6560    193.221  8.74754e+02 -1.93747e+03 -1.06272e+03  4.63972e+01
  6570    193.083  8.74131e+02 -1.93326e+03 -1.05913e+03  4.70043e+01
  6580    193.062  8.74036e+02 -1.93004e+03 -1.05600e+03  4.75346e+01
  6590    193.670  8.76789e+02 -1.92910e+03 -1.05231e+03  4.78110e+01
  6600    194.926  8.82474e+02 -1.93094e+03 -1.04847e+03  4.77929e+01
  6610    196.502  8.89607e+02 -1.93395e+03 -1.04434e+03  4.76325e+01
  6620    198.073  8.96721e+02 -1.93707e+03 -1.04035e+03  4.74539e+01
  6630    199.474  9.03065e+02 -1.93856e+03 -1.03549e+03  4.74032e+01
  6640    200.750  9.08838e+02 -1.93958e+03 -1.03075e+03  4.74110e+01
  6650    202.083  9.14875e+02 -1.94127e+03 -1.02640e+03  4.73922e+01
  6660    203.493  9.21258e+02 -1.94284e+03 -1.02159e+03  4.74040e+01
  6670    204.578  9.26172e+02 -1.94285e+03 -1.01667e+03  4.75981e+01
  6680    204.953  9.27868e+02 -1.94007e+03 -1.01221e+03  4.81037e+01
  6690    204.992  9.28047e+02 -1.93580e+03 -1.00775e+03  4.87860e+01
  6700    205.783  9.31625e+02 -1.93542e+03 -1.00380e+03  4.91618e+01
  6710    207.644  9.40053e+02 -1.94008e+03 -1.00003e+03  4.91256e+01
  6720    209.495  9.48430e+02 -1.94541e+03 -9.96984e+02  4.91120e+01
  6730    210.064  9.51008e+02 -1.94508e+03 -9.94069e+02  4.97015e+01
  6740    208.899  9.45733e+02 -1.93707e+03 -9.91336e+02  5.10809e+01
  6750    206.390  9.34373e+02 -1.92362e+03 -9.89251e+02  5.30324e+01
  6760    203.202  9.19942e+02 -1.90760e+03 -9.87662e+02  5.52398e+01
  6770    199.844  9.04741e+02 -1.89078e+03 -9.86038e+02  5.74642e+01
  6780    196.903  8.91426e+02 -1.87583e+03 -9.84405e+02  5.94022e+01
  6790    195.171  8.83585e+02 -1.86600e+03 -9.82412e+02  6.07031e+01
  6800    195.002  8.82819e+02 -1.86307e+03 -9.80254e+02  6.11823e+01
  6810    196.090  8.87743e+02 -1.86581e+03 -9.78066e+02  6.09520e+01
  6820    198.129  8.96974e+02 -1.87255e+03 -9.75581e+02  6.01685e+01
  6830    200.918  9.09603e+02 -1.88248e+03 -9.72877e+02  5.89411e+01
  6840    204.073  9.23885e+02 -1.89434e+03 -9.70452e+02  5.74414e+01
  6850    207.076  9.37479e+02 -1.90543e+03 -9.67949e+02  5.59534e+01
  6860    209.549  9.48677e+02 -1.91470e+03 -9.66018e+02  5.46349e+01
  6870    211.421  9.57151e+02 -1.92180e+03 -9.64650e+02  5.35481e+01
  6880    212.824  9.63503e+02 -1.92691e+03 -9.63405e+02  5.26842e+01
  6890    213.931  9.68515e+02 -1.93148e+03 -9.62965e+02  5.19402e+01
  6900    214.773  9.72326e+02 -1.93536e+03 -9.63029e+02  5.13291e+01
  6910    214.920  9.72991e+02 -1.93721e+03 -9.64223e+02  5.09951e+01
  6920    213.838  9.68095e+02 -1.93402e+03 -9.65923e+02  5.11966e+01
  6930    211.423  9.57161e+02 -1.92546e+03 -9.68302e+02  5.19529e+01
  6940    208.124  9.42222e+02 -1.91310e+03 -9.70878e+02  5.30802e+01
  6950    204.780  9.27086e+02 -1.90119e+03 -9.74104e+02  5.41699e+01
  6960    201.925  9.14158e+02 -1.89146e+03 -9.77299e+02  5.50183e+01
  6970    199.304  9.02293e+02 -1.88279e+03 -9.80493e+02  5.57118e+01
  6980    196.604  8.90071e+02 -1.87359e+03 -9.83520e+02  5.63772e+01
  6990    194.272  8.79514e+02 -1.86610e+03 -9.86588e+02  5.67969e+01
  7000    193.627  8.76595e+02 -1.86575e+03 -9.89156e+02  5.64368e+01
  7010    195.735  8.86137e+02 -1.87782e+03 -9.91686e+02  5.48357e+01
  7020    199.279  9.02179e+02 -1.89620e+03 -9.94022e+02  5.25921e+01
  7030    202.004  9.14518e+02 -1.91080e+03 -9.96286e+02  5.07002e+01
  7040    203.195  9.19910e+02 -1.91864e+03 -9.98726e+02  4.95031e+01
  7050    203.227  9.20055e+02 -1.92144e+03 -1.00139e+03  4.88704e+01
  7060    202.498  9.16756e+02 -1.92058e+03 -1.00382e+03  4.86594e+01
  7070    201.322  9.11430e+02 -1.91782e+03 -1.00639e+03  4.86956e+01
  7080    200.179  9.06253e+02 -1.91536e+03 -1.00911e+03  4.87512e+01
  7090    199.482  9.03101e+02 -1.91488e+03 -1.01178e+03  4.86468e+01
  7100    199.274  9.02160e+02 -1.91648e+03 -1.01432e+03  4.83593e+01
  7110    199.151  9.01599e+02 -1.91875e+03 -1.01716e+03  4.80271e+01
  7120    198.563  8.98937e+02 -1.91876e+03 -1.01982e+03  4.79030e+01
  7130    197.391  8.93632e+02 -1.91602e+03 -1.02239e+03  4.80201e+01
  7140    196.099  8.87783e+02 -1.91245e+03 -1.02466e+03  4.81765e+01
  7150    195.612  8.85579e+02 -1.91288e+03 -1.02731e+03  4.79239e+01
  7160    196.722  8.90606e+02 -1.91966e+03 -1.02906e+03  4.70063e+01
  7170    199.023  9.01021e+02 -1.93170e+03 -1.03068e+03  4.55663e+01
  7180    201.140  9.10606e+02 -1.94297e+03 -1.03237e+03  4.42019e+01
  7190    202.266  9.15702e+02 -1.94985e+03 -1.03415e+03  4.32903e+01
  7200    202.554  9.17008e+02 -1.95334e+03 -1.03633e+03  4.27740e+01
  7210    202.441  9.16495e+02 -1.95463e+03 -1.03814e+03  4.25255e+01
  7220    202.130  9.15089e+02 -1.95564e+03 -1.04055e+03  4.23954e+01
  7230    201.599  9.12685e+02 -1.95571e+03 -1.04302e+03  4.24203e+01
  7240    200.764  9.08903e+02 -1.95443e+03 -1.04553e+03  4.26304e+01
  7250    199.582  9.03551e+02 -1.95157e+03 -1.04801e+03  4.30378e+01
  7260    198.099  8.96840e+02 -1.94691e+03 -1.05007e+03  4.36353e+01
  7270    196.464  8.89439e+02 -1.94172e+03 -1.05228e+03  4.43109e+01
  7280    194.921  8.82453e+02 -1.93645e+03 -1.05400e+03  4.49863e+01
  7290    193.687  8.76864e+02 -1.93259e+03 -1.05572e+03  4.55330e+01
  7300    192.773  8.72728e+02 -1.93004e+03 -1.05731e+03  4.59553e+01
  7310    191.989  8.69179e+02 -1.92739e+03 -1.05821e+03  4.63767e+01
  7320    191.100  8.65152e+02 -1.92440e+03 -1.05925e+03  4.68575e+01
  7330    189.936  8.59881e+02 -1.91993e+03 -1.06005e+03  4.74977e+01
  7340    188.372  8.52802e+02 -1.91283e+03 -1.06003e+03  4.83769e+01
  7350    186.453  8.44115e+02 -1.90384e+03 -1.05973e+03  4.94171e+01
  7360    184.675  8.36067e+02 -1.89444e+03 -1.05837e+03  5.04197e+01
  7370    183.826  8.32222e+02 -1.88878e+03 -1.05656e+03  5.09854e+01
  7380    184.362  8.34649e+02 -1.88887e+03 -1.05422e+03  5.09164e+01
  7390    186.056  8.42318e+02 -1.89320e+03 -1.05088e+03  5.03526e+01
  7400    188.222  8.52123e+02 -1.89960e+03 -1.04747e+03  4.95573e+01
  7410    190.439  8.62162e+02 -1.90511e+03 -1.04295e+03  4.88068e+01
  7420    192.977  8.73649e+02 -1.91204e+03 -1.03839e+03  4.79516e+01
  7430    196.129  8.87918e+02 -1.92111e+03 -1.03319e+03  4.69319e+01
  7440    199.414  9.02793e+02 -1.93065e+03 -1.02786e+03  4.59413e+01
  7450    201.884  9.13974e+02 -1.93646e+03 -1.02249e+03  4.53894e+01
  7460    203.048  9.19242e+02 -1.93606e+03 -1.01682e+03  4.55005e+01
  7470    203.185  9.19864e+02 -1.93145e+03 -1.01158e+03  4.60970e+01
  7480    202.840  9.18304e+02 -1.92457e+03 -1.00627e+03  4.69525e+01
  7490    202.331  9.16000e+02 -1.91734e+03 -1.00134e+03  4.78747e+01
  7500    201.767  9.13445e+02 -1.90952e+03 -9.96073e+02  4.88387e+01
  7510    201.294  9.11305e+02 -1.90251e+03 -9.91207e+02  4.97181e+01
  7520    201.260  9.11151e+02 -1.89765e+03 -9.86501e+02  5.03739e+01
  7530    202.052  9.14733e+02 -1.89643e+03 -9.81699e+02  5.06658e+01
  7540    203.748  9.22414e+02 -1.89921e+03 -9.76798e+02  5.05828e+01
  7550    205.859  9.31969e+02 -1.90425e+03 -9.72280e+02  5.03367e+01
  7560    207.431  9.39088e+02 -1.90679e+03 -9.67700e+02  5.03865e+01
  7570    207.757  9.40562e+02 -1.90414e+03 -9.63573e+02  5.10133e+01
  7580    206.793  9.36197e+02 -1.89592e+03 -9.59723e+02  5.22370e+01
  7590    204.934  9.27784e+02 -1.88405e+03 -9.56263e+02  5.38465e+01
  7600    202.719  9.17756e+02 -1.87061e+03 -9.52854e+02  5.55783e+01
  7610    200.725  9.08729e+02 -1.85865e+03 -9.49917e+02  5.70966e+01
  7620    199.646  9.03844e+02 -1.85112e+03 -9.47273e+02  5.80570e+01
  7630    200.254  9.06594e+02 -1.85109e+03 -9.44497e+02  5.81214e+01
  7640    202.685  9.17602e+02 -1.85917e+03 -9.41570e+02  5.72287e+01
  7650    206.099  9.33055e+02 -1.87183e+03 -9.38779e+02  5.57404e+01
  7660    209.592  9.48871e+02 -1.88488e+03 -9.36014e+02  5.40928e+01
  7670    212.708  9.62979e+02 -1.89663e+03 -9.33654e+02  5.25132e+01
  7680    215.147  9.74020e+02 -1.90593e+03 -9.31909e+02  5.11584e+01
  7690    216.746  9.81257e+02 -1.91209e+03 -9.30834e+02  5.01191e+01
  7700    217.645  9.85327e+02 -1.91571e+03 -9.30384e+02  4.93463e+01
  7710    218.156  9.87642e+02 -1.91837e+03 -9.30733e+02  4.86956e+01
  7720    218.474  9.89081e+02 -1.92169e+03 -9.32614e+02  4.80350e+01
  7730    218.579  9.89558e+02 -1.92482e+03 -9.35261e+02  4.74168e+01
  7740    218.295  9.88269e+02 -1.92660e+03 -9.38335e+02  4.69406e+01
  7750    217.398  9.84211e+02 -1.92694e+03 -9.42731e+02  4.66510e+01
  7760    215.854  9.77218e+02 -1.92480e+03 -9.47582e+02  4.66202e+01
  7770    213.944  9.68572e+02 -1.92187e+03 -9.53293e+02  4.67046e+01
  7780    212.057  9.60029e+02 -1.91987e+03 -9.59838e+02  4.67403e+01
  7790    210.379  9.52434e+02 -1.91941e+03 -9.66979e+02  4.66565e+01
  7800    208.913  9.45798e+02 -1.92037e+03 -9.74572e+02  4.64506e+01
  7810    207.661  9.40127e+02 -1.92226e+03 -9.82129e+02  4.61399e+01
  7820    206.590  9.35280e+02 -1.92554e+03 -9.90256e+02  4.56886e+01
  7830    205.533  9.30493e+02 -1.92918e+03 -9.98682e+02  4.51745e+01
  7840    204.278  9.24812e+02 -1.93204e+03 -1.00723e+03  4.46890e+01
  7850    202.877  9.18470e+02 -1.93438e+03 -1.01591e+03  4.42036e+01
  7860    201.714  9.13203e+02 -1.93768e+03 -1.02447e+03  4.35704e+01
  7870    201.072  9.10299e+02 -1.94363e+03 -1.03333e+03  4.26537e+01
  7880    200.738  9.08786e+02 -1.95098e+03 -1.04220e+03  4.15819e+01
  7890    200.111  9.05947e+02 -1.95657e+03 -1.05063e+03  4.06652e+01
  7900    198.603  8.99123e+02 -1.95819e+03 -1.05906e+03  4.01526e+01
  7910    195.993  8.87306e+02 -1.95478e+03 -1.06748e+03  4.01560e+01
  7920    192.547  8.71703e+02 -1.94767e+03 -1.07597e+03  4.05543e+01
  7930    188.895  8.55170e+02 -1.93921e+03 -1.08404e+03  4.10938e+01
  7940    185.743  8.40899e+02 -1.93209e+03 -1.09119e+03  4.14790e+01
  7950    183.625  8.31314e+02 -1.92910e+03 -1.09778e+03  4.14349e+01
  7960    182.721  8.27217e+02 -1.93060e+03 -1.10338e+03  4.08966e+01
  7970    182.724  8.27234e+02 -1.93562e+03 -1.10839e+03  3.99649e+01
  7980    183.136  8.29100e+02 -1.94138e+03 -1.11228e+03  3.88930e+01
  7990    183.735  8.31810e+02 -1.94755e+03 -1.11574e+03  3.77519e+01
  8000    184.598  8.35715e+02 -1.95446e+03 -1.11874e+03  3.65353e+01
  8010    185.759  8.40972e+02 -1.96176e+03 -1.12079e+03  3.52889e+01
  8020    187.048  8.46807e+02 -1.96911e+03 -1.12231e+03  3.40898e+01
  8030    188.194  8.51996e+02 -1.97541e+03 -1.12341e+03  3.30770e+01
  8040    188.968  8.55499e+02 -1.97965e+03 -1.12416e+03  3.23765e+01
  8050    189.220  8.56640e+02 -1.98102e+03 -1.12438e+03  3.20855e+01
  8060    188.828  8.54865e+02 -1.97879e+03 -1.12393e+03  3.22782e+01
  8070    187.749  8.49983e+02 -1.97320e+03 -1.12321e+03  3.29447e+01
  8080    186.227  8.43092e+02 -1.96470e+03 -1.12161e+03  3.40035e+01
  8090    184.768  8.36487e+02 -1.95613e+03 -1.11964e+03  3.51815e+01
  8100    183.809  8.32143e+02 -1.94914e+03 -1.11700e+03  3.62839e+01
  8110    183.414  8.30357e+02 -1.94425e+03 -1.11389e+03  3.72427e+01
  8120    183.450  8.30519e+02 -1.94021e+03 -1.10969e+03  3.81300e+01
  8130    183.974  8.32893e+02 -1.93776e+03 -1.10487e+03  3.88787e+01
  8140    185.125  8.38104e+02 -1.93762e+03 -1.09951e+03  3.94199e+01
  8150    186.748  8.45451e+02 -1.93902e+03 -1.09357e+03  3.98216e+01
  8160    188.522  8.53479e+02 -1.94049e+03 -1.08701e+03  4.02227e+01
  8170    190.320  8.61620e+02 -1.94167e+03 -1.08005e+03  4.06683e+01
  8180    192.180  8.70043e+02 -1.94236e+03 -1.07232e+03  4.11729e+01
  8190    194.025  8.78397e+02 -1.94262e+03 -1.06422e+03  4.17530e+01
  8200    195.601  8.85529e+02 -1.94159e+03 -1.05606e+03  4.25077e+01
  8210    196.672  8.90380e+02 -1.93773e+03 -1.04735e+03  4.35749e+01
  8220    197.195  8.92744e+02 -1.93104e+03 -1.03829e+03  4.49666e+01
  8230    197.331  8.93360e+02 -1.92246e+03 -1.02910e+03  4.65974e+01
  8240    197.327  8.93343e+02 -1.91308e+03 -1.01974e+03  4.83537e+01
  8250    197.307  8.93253e+02 -1.90333e+03 -1.01007e+03  5.01689e+01
  8260    197.311  8.93270e+02 -1.89369e+03 -1.00042e+03  5.19744e+01
  8270    197.654  8.94826e+02 -1.88604e+03 -9.91213e+02  5.35737e+01
  8280    198.964  9.00754e+02 -1.88211e+03 -9.81356e+02  5.47358e+01
  8290    201.775  9.13482e+02 -1.88501e+03 -9.71533e+02  5.51725e+01
  8300    206.117  9.33137e+02 -1.89467e+03 -9.61533e+02  5.48866e+01
  8310    211.165  9.55991e+02 -1.90755e+03 -9.51564e+02  5.42258e+01
  8320    215.773  9.76852e+02 -1.91872e+03 -9.41868e+02  5.36720e+01
  8330    219.424  9.93384e+02 -1.92613e+03 -9.32748e+02  5.34345e+01
  8340    222.164  1.00579e+03 -1.93038e+03 -9.24594e+02  5.34763e+01
  8350    224.005  1.01412e+03 -1.93176e+03 -9.17643e+02  5.37766e+01
  8360    224.871  1.01804e+03 -1.92954e+03 -9.11492e+02  5.43898e+01
  8370    224.835  1.01788e+03 -1.92458e+03 -9.06704e+02  5.52517e+01
  8380    224.123  1.01466e+03 -1.91747e+03 -9.02812e+02  5.62913e+01
  8390    223.020  1.00966e+03 -1.91025e+03 -9.00586e+02  5.73323e+01
  8400    221.768  1.00399e+03 -1.90327e+03 -8.99281e+02  5.83044e+01
  8410    220.446  9.98010e+02 -1.89740e+03 -8.99386e+02  5.91285e+01
  8420    219.001  9.91465e+02 -1.89160e+03 -9.00136e+02  5.98668e+01
  8430    217.320  9.83857e+02 -1.88611e+03 -9.02251e+02  6.05208e+01
  8440    215.226  9.74379e+02 -1.87949e+03 -9.05109e+02  6.12058e+01
  8450    212.500  9.62036e+02 -1.87068e+03 -9.08641e+02  6.20146e+01
  8460    209.268  9.47403e+02 -1.85997e+03 -9.12568e+02  6.28967e+01
  8470    206.469  9.34734e+02 -1.85164e+03 -9.16907e+02  6.34374e+01
  8480    205.305  9.29462e+02 -1.85119e+03 -9.21727e+02  6.31212e+01
  8490    205.827  9.31823e+02 -1.85853e+03 -9.26709e+02  6.19544e+01
  8500    206.971  9.37003e+02 -1.86830e+03 -9.31296e+02  6.04436e+01
  8510    207.926  9.41329e+02 -1.87802e+03 -9.36686e+02  5.88943e+01
  8520    208.571  9.44250e+02 -1.88663e+03 -9.42380e+02  5.74214e+01
  8530    208.978  9.46090e+02 -1.89472e+03 -9.48625e+02  5.60003e+01
  8540    209.145  9.46849e+02 -1.90208e+03 -9.55235e+02  5.46559e+01
  8550    208.910  9.45783e+02 -1.90819e+03 -9.62408e+02  5.34610e+01
  8560    207.965  9.41505e+02 -1.91126e+03 -9.69751e+02  5.25863e+01
  8570    206.086  9.32999e+02 -1.91058e+03 -9.77585e+02  5.21189e+01
  8580    203.366  9.20681e+02 -1.90618e+03 -9.85501e+02  5.20481e+01
  8590    200.141  9.06082e+02 -1.89961e+03 -9.93524e+02  5.22206e+01
  8600    196.732  8.90651e+02 -1.89176e+03 -1.00111e+03  5.25099e+01
  8610    193.631  8.76610e+02 -1.88543e+03 -1.00882e+03  5.26422e+01
  8620    191.809  8.68363e+02 -1.88447e+03 -1.01610e+03  5.22147e+01
  8630    192.062  8.69506e+02 -1.89231e+03 -1.02281e+03  5.08947e+01
  8640    194.077  8.78631e+02 -1.90768e+03 -1.02905e+03  4.88211e+01
  8650    196.745  8.90710e+02 -1.92591e+03 -1.03520e+03  4.64798e+01
  8660    198.969  9.00777e+02 -1.94215e+03 -1.04138e+03  4.43843e+01
  8670    200.034  9.05599e+02 -1.95295e+03 -1.04735e+03  4.29046e+01
  8680    199.662  9.03914e+02 -1.95775e+03 -1.05384e+03  4.21483e+01
  8690    197.957  8.96195e+02 -1.95600e+03 -1.05980e+03  4.21453e+01
  8700    195.218  8.83796e+02 -1.94955e+03 -1.06576e+03  4.27250e+01
  8710    191.799  8.68318e+02 -1.93992e+03 -1.07160e+03  4.37100e+01
  8720    188.225  8.52139e+02 -1.92891e+03 -1.07677e+03  4.48630e+01
  8730    185.214  8.38506e+02 -1.92000e+03 -1.08150e+03  4.58188e+01
  8740    183.313  8.29899e+02 -1.91525e+03 -1.08536e+03  4.63293e+01
  8750    182.746  8.27331e+02 -1.91573e+03 -1.08840e+03  4.62726e+01
  8760    183.475  8.30631e+02 -1.92187e+03 -1.09124e+03  4.56242e+01
  8770    185.122  8.38087e+02 -1.93110e+03 -1.09301e+03  4.46159e+01
  8780    187.180  8.47405e+02 -1.94163e+03 -1.09422e+03  4.34588e+01
  8790    189.294  8.56977e+02 -1.95179e+03 -1.09481e+03  4.23437e+01
  8800    191.179  8.65511e+02 -1.96055e+03 -1.09504e+03  4.14098e+01
  8810    192.527  8.71613e+02 -1.96613e+03 -1.09452e+03  4.08373e+01
  8820    193.115  8.74275e+02 -1.96801e+03 -1.09374e+03  4.07040e+01
  8830    192.977  8.73649e+02 -1.96669e+03 -1.09305e+03  4.09727e+01
  8840    192.442  8.71227e+02 -1.96313e+03 -1.09190e+03  4.15226e+01
  8850    191.999  8.69221e+02 -1.95946e+03 -1.09024e+03  4.21304e+01
  8860    192.021  8.69324e+02 -1.95745e+03 -1.08813e+03  4.26153e+01
  8870    192.469  8.71349e+02 -1.95731e+03 -1.08596e+03  4.29604e+01
  8880    192.829  8.72982e+02 -1.95666e+03 -1.08367e+03  4.33787e+01
  8890    192.541  8.71677e+02 -1.95244e+03 -1.08076e+03  4.41257e+01
  8900    191.613  8.67474e+02 -1.94529e+03 -1.07782e+03  4.51357e+01
  8910    190.848  8.64010e+02 -1.93801e+03 -1.07400e+03  4.60917e+01
  8920    191.216  8.65676e+02 -1.93561e+03 -1.06994e+03  4.65323e+01
  8930    192.830  8.72983e+02 -1.93875e+03 -1.06577e+03  4.64119e+01
  8940    194.812  8.81959e+02 -1.94307e+03 -1.06111e+03  4.61608e+01
  8950    196.189  8.88190e+02 -1.94442e+03 -1.05623e+03  4.62191e+01
  8960    196.612  8.90108e+02 -1.94146e+03 -1.05135e+03  4.67514e+01
  8970    196.402  8.89155e+02 -1.93514e+03 -1.04598e+03  4.76607e+01
  8980    196.188  8.88185e+02 -1.92912e+03 -1.04093e+03  4.86192e+01
  8990    196.355  8.88944e+02 -1.92414e+03 -1.03519e+03  4.95032e+01
  9000    196.917  8.91485e+02 -1.92070e+03 -1.02921e+03  5.02581e+01
  9010    197.818  8.95568e+02 -1.91867e+03 -1.02310e+03  5.08863e+01
  9020    198.918  9.00548e+02 -1.91742e+03 -1.01688e+03  5.14419e+01
  9030    200.011  9.05494e+02 -1.91599e+03 -1.01050e+03  5.20153e+01
  9040    200.979  9.09876e+02 -1.91424e+03 -1.00436e+03  5.26376e+01
  9050    201.819  9.13680e+02 -1.91173e+03 -9.98053e+02  5.33421e+01
  9060    202.689  9.17619e+02 -1.90925e+03 -9.91631e+02  5.40706e+01
  9070    203.636  9.21904e+02 -1.90732e+03 -9.85419e+02  5.47932e+01
  9080    204.167  9.24308e+02 -1.90369e+03 -9.79382e+02  5.57176e+01
  9090    203.628  9.21869e+02 -1.89525e+03 -9.73380e+02  5.71051e+01
  9100    202.275  9.15746e+02 -1.88353e+03 -9.67780e+02  5.87868e+01
  9110    201.479  9.12142e+02 -1.87439e+03 -9.62252e+02  6.01721e+01
  9120    202.059  9.14765e+02 -1.87118e+03 -9.56416e+02  6.09231e+01
  9130    203.446  9.21048e+02 -1.87185e+03 -9.50801e+02  6.12435e+01
  9140    204.817  9.27250e+02 -1.87277e+03 -9.45518e+02  6.14871e+01
  9150    205.780  9.31610e+02 -1.87195e+03 -9.40335e+02  6.18403e+01
  9160    206.682  9.35694e+02 -1.87117e+03 -9.35471e+02  6.21405e+01
  9170    208.202  9.42577e+02 -1.87373e+03 -9.31150e+02  6.20787e+01
  9180    210.584  9.53359e+02 -1.88005e+03 -9.26690e+02  6.15877e+01
  9190    213.395  9.66089e+02 -1.88915e+03 -9.23059e+02  6.07919e+01
  9200    215.788  9.76921e+02 -1.89690e+03 -9.19980e+02  6.00764e+01
  9210    217.046  9.82616e+02 -1.89985e+03 -9.17229e+02  5.97661e+01
  9220    217.324  9.83874e+02 -1.89963e+03 -9.15754e+02  5.97445e+01
  9230    217.510  9.84715e+02 -1.89940e+03 -9.14682e+02  5.97005e+01
  9240    217.910  9.86526e+02 -1.90123e+03 -9.14708e+02  5.94719e+01
  9250    217.762  9.85857e+02 -1.90146e+03 -9.15606e+02  5.93956e+01
  9260    216.388  9.79638e+02 -1.89703e+03 -9.17396e+02  5.97524e+01
  9270    214.099  9.69275e+02 -1.88893e+03 -9.19654e+02  6.04251e+01
  9280    211.815  9.58933e+02 -1.88187e+03 -9.22938e+02  6.09678e+01
  9290    210.221  9.51720e+02 -1.87827e+03 -9.26551e+02  6.11058e+01
  9300    209.539  9.48632e+02 -1.87910e+03 -9.30466e+02  6.07280e+01
  9310    209.660  9.49178e+02 -1.88430e+03 -9.35125e+02  5.98518e+01
  9320    210.115  9.51237e+02 -1.89142e+03 -9.40184e+02  5.87122e+01
  9330    210.249  9.51845e+02 -1.89775e+03 -9.45902e+02  5.75925e+01
  9340    209.725  9.49470e+02 -1.90134e+03 -9.51868e+02  5.66881e+01
  9350    208.683  9.44757e+02 -1.90336e+03 -9.58602e+02  5.59319e+01
  9360    207.456  9.39201e+02 -1.90468e+03 -9.65480e+02  5.52413e+01
  9370    206.167  9.33366e+02 -1.90572e+03 -9.72357e+02  5.45869e+01
  9380    204.641  9.26456e+02 -1.90604e+03 -9.79585e+02  5.40292e+01
  9390    202.759  9.17934e+02 -1.90519e+03 -9.87256e+02  5.36172e+01
  9400    200.746  9.08823e+02 -1.90359e+03 -9.94771e+02  5.32939e+01
  9410    198.991  9.00879e+02 -1.90354e+03 -1.00266e+03  5.28626e+01
  9420    197.656  8.94832e+02 -1.90476e+03 -1.00993e+03  5.23176e+01
  9430    196.569  8.89910e+02 -1.90700e+03 -1.01709e+03  5.17020e+01
  9440    195.463  8.84904e+02 -1.90870e+03 -1.02380e+03  5.11592e+01
  9450    194.219  8.79273e+02 -1.90979e+03 -1.03051e+03  5.07190e+01
  9460    192.870  8.73165e+02 -1.91019e+03 -1.03702e+03  5.03877e+01
  9470    191.418  8.66592e+02 -1.90960e+03 -1.04301e+03  5.01858e+01
  9480    189.822  8.59365e+02 -1.90793e+03 -1.04856e+03  5.01217e+01
  9490    188.268  8.52333e+02 -1.90630e+03 -1.05397e+03  5.00927e+01
  9500    187.267  8.47802e+02 -1.90652e+03 -1.05872e+03  4.99108e+01
  9510    187.205  8.47518e+02 -1.91048e+03 -1.06297e+03  4.94031e+01
  9520    187.897  8.50652e+02 -1.91695e+03 -1.06629e+03  4.86807e+01
  9530    188.726  8.54403e+02 -1.92374e+03 -1.06934e+03  4.79805e+01
  9540    189.080  8.56009e+02 -1.92750e+03 -1.07150e+03  4.76103e+01
  9550    188.585  8.53769e+02 -1.92747e+03 -1.07370e+03  4.76766e+01
  9560    187.150  8.47272e+02 -1.92242e+03 -1.07515e+03  4.82544e+01
  9570    185.068  8.37845e+02 -1.91404e+03 -1.07620e+03  4.91718e+01
  9580    182.992  8.28444e+02 -1.90499e+03 -1.07654e+03  5.01354e+01
  9590    181.714  8.22661e+02 -1.89876e+03 -1.07610e+03  5.07794e+01
  9600    181.847  8.23261e+02 -1.89822e+03 -1.07496e+03  5.08177e+01
  9610    183.585  8.31130e+02 -1.90432e+03 -1.07319e+03  5.01602e+01
  9620    186.625  8.44894e+02 -1.91565e+03 -1.07076e+03  4.89527e+01
  9630    190.134  8.60780e+02 -1.92821e+03 -1.06743e+03  4.75909e+01
  9640    193.142  8.74399e+02 -1.93810e+03 -1.06370e+03  4.64788e+01
  9650    195.154  8.83508e+02 -1.94310e+03 -1.05959e+03  4.58396e+01
  9660    196.364  8.88984e+02 -1.94398e+03 -1.05500e+03  4.55981e+01
  9670    197.292  8.93184e+02 -1.94378e+03 -1.05059e+03  4.54816e+01
  9680    198.324  8.97856e+02 -1.94382e+03 -1.04596e+03  4.53384e+01
  9690    199.644  9.03832e+02 -1.94519e+03 -1.04136e+03  4.50667e+01
  9700    201.295  9.11309e+02 -1.94823e+03 -1.03692e+03  4.46448e+01
  9710    203.216  9.20005e+02 -1.95213e+03 -1.03212e+03  4.41447e+01
  9720    205.175  9.28872e+02 -1.95584e+03 -1.02696e+03  4.36867e+01
  9730    206.703  9.35792e+02 -1.95849e+03 -1.02270e+03  4.34082e+01
  9740    207.470  9.39262e+02 -1.95781e+03 -1.01854e+03  4.35027e+01
  9750    207.475  9.39288e+02 -1.95387e+03 -1.01458e+03  4.39568e+01
  9760    207.038  9.37305e+02 -1.94815e+03 -1.01084e+03  4.46084e+01
  9770    206.856  9.36482e+02 -1.94408e+03 -1.00759e+03  4.51194e+01
  9780    207.369  9.38807e+02 -1.94329e+03 -1.00448e+03  4.53097e+01
  9790    208.409  9.43515e+02 -1.94561e+03 -1.00210e+03  4.52163e+01
  9800    209.563  9.48739e+02 -1.94891e+03 -1.00017e+03  4.50497e+01
  9810    210.374  9.52408e+02 -1.95116e+03 -9.98755e+02  4.50302e+01
  9820    210.400  9.52529e+02 -1.94995e+03 -9.97418e+02  4.53965e+01
  9830    209.399  9.47996e+02 -1.94464e+03 -9.96646e+02  4.62360e+01
  9840    207.363  9.38777e+02 -1.93513e+03 -9.96351e+02  4.75516e+01
  9850    204.366  9.25211e+02 -1.92166e+03 -9.96452e+02  4.92852e+01
  9860    200.818  9.09149e+02 -1.90555e+03 -9.96399e+02  5.12448e+01
  9870    197.921  8.96034e+02 -1.89261e+03 -9.96576e+02  5.28455e+01
  9880    196.963  8.91697e+02 -1.88802e+03 -9.96321e+02  5.35482e+01
  9890    197.957  8.96196e+02 -1.89219e+03 -9.95992e+02  5.33147e+01
  9900    199.863  9.04825e+02 -1.90065e+03 -9.95827e+02  5.25893e+01
  9910    201.688  9.13088e+02 -1.90835e+03 -9.95263e+02  5.18685e+01
  9920    202.757  9.17927e+02 -1.91305e+03 -9.95124e+02  5.14263e+01
  9930    202.732  9.17813e+02 -1.91293e+03 -9.95117e+02  5.14415e+01
  9940    201.867  9.13896e+02 -1.90912e+03 -9.95223e+02  5.18034e+01
  9950    200.954  9.09765e+02 -1.90537e+03 -9.95605e+02  5.21517e+01
  9960    200.733  9.08765e+02 -1.90469e+03 -9.95927e+02  5.21824e+01
  9970    201.282  9.11250e+02 -1.90731e+03 -9.96057e+02  5.18733e+01
  9980    202.087  9.14893e+02 -1.91119e+03 -9.96300e+02  5.14425e+01
  9990    202.557  9.17021e+02 -1.91381e+03 -9.96791e+02  5.11629e+01
