Step    T(K)    KE(kJ)    PE(kJ)    TotE(kJ)    P(MPa)
     0      0.151  6.82489e-01 -1.63102e+03 -1.63034e+03  1.97235e+02
    10      0.235  1.06558e+00 -1.63141e+03 -1.63034e+03  1.97159e+02
    20      0.459  2.07836e+00 -1.63241e+03 -1.63033e+03  1.96961e+02
    30      0.819  3.70780e+00 -1.63402e+03 -1.63031e+03  1.96642e+02
    40      1.311  5.93410e+00 -1.63621e+03 -1.63027e+03  1.96208e+02
    50      1.929  8.73215e+00 -1.63892e+03 -1.63019e+03  1.95663e+02
    60      2.667  1.20734e+01 -1.64211e+03 -1.63004e+03  1.95015e+02
    70      3.518  1.59278e+01 -1.64574e+03 -1.62981e+03  1.94272e+02
    80      4.477  2.02662e+01 -1.64973e+03 -1.62947e+03  1.93441e+02
    90      5.536  2.50623e+01 -1.65405e+03 -1.62898e+03  1.92531e+02
   100      6.692  3.02942e+01 -1.65862e+03 -1.62833e+03  1.91551e+02
   110      7.940  3.59465e+01 -1.66341e+03 -1.62746e+03  1.90508e+02
   120      9.280  4.20108e+01 -1.66836e+03 -1.62635e+03  1.89411e+02
   130     10.710  4.84874e+01 -1.67342e+03 -1.62494e+03  1.88267e+02
   140     12.234  5.53855e+01 -1.67852e+03 -1.62313e+03  1.87086e+02
   150     13.855  6.27225e+01 -1.68374e+03 -1.62102e+03  1.85867e+02
   160     15.578  7.05252e+01 -1.68869e+03 -1.61816e+03  1.84637e+02
   170     17.413  7.88326e+01 -1.69331e+03 -1.61448e+03  1.83406e+02
   180     19.369  8.76858e+01 -1.69857e+03 -1.61088e+03  1.82116e+02
   190     21.455  9.71311e+01 -1.70379e+03 -1.60666e+03  1.80813e+02
   200     23.685  1.07228e+02 -1.70854e+03 -1.60131e+03  1.79527e+02
   210     26.075  1.18049e+02 -1.71135e+03 -1.59330e+03  1.78353e+02
   220     28.645  1.29683e+02 -1.71318e+03 -1.58349e+03  1.77235e+02
   230     31.410  1.42201e+02 -1.71652e+03 -1.57432e+03  1.76025e+02
   240     34.387  1.55678e+02 -1.72127e+03 -1.56560e+03  1.74733e+02
   250     37.594  1.70198e+02 -1.72629e+03 -1.55609e+03  1.73432e+02
   260     41.053  1.85857e+02 -1.73134e+03 -1.54548e+03  1.72143e+02
   270     44.787  2.02760e+02 -1.73604e+03 -1.53329e+03  1.70892e+02
   280     48.820  2.21019e+02 -1.74066e+03 -1.51964e+03  1.69670e+02
   290     53.180  2.40756e+02 -1.74465e+03 -1.50390e+03  1.68516e+02
   300     57.895  2.62103e+02 -1.74810e+03 -1.48600e+03  1.67431e+02
   310     62.995  2.85193e+02 -1.75207e+03 -1.46688e+03  1.66358e+02
   320     68.511  3.10165e+02 -1.75594e+03 -1.44577e+03  1.65342e+02
   330     74.475  3.37164e+02 -1.75936e+03 -1.42219e+03  1.64411e+02
   340     80.921  3.66348e+02 -1.76236e+03 -1.39601e+03  1.63574e+02
   350     87.886  3.97880e+02 -1.76417e+03 -1.36629e+03  1.62886e+02
   360     95.407  4.31930e+02 -1.76577e+03 -1.33384e+03  1.62298e+02
   370    103.521  4.68661e+02 -1.76727e+03 -1.29861e+03  1.61813e+02
   380    112.262  5.08237e+02 -1.76861e+03 -1.26037e+03  1.61444e+02
   390    121.667  5.50815e+02 -1.76979e+03 -1.21897e+03  1.61204e+02
   400    131.770  5.96552e+02 -1.77030e+03 -1.17375e+03  1.61132e+02
   410    142.601  6.45588e+02 -1.76986e+03 -1.12427e+03  1.61257e+02
   420    154.190  6.98051e+02 -1.76936e+03 -1.07131e+03  1.61534e+02
   430    166.557  7.54042e+02 -1.76811e+03 -1.01407e+03  1.62015e+02
   440    179.719  8.13627e+02 -1.76623e+03 -9.52601e+02  1.62701e+02
   450    193.680  8.76834e+02 -1.76337e+03 -8.86538e+02  1.63618e+02
   460    208.433  9.43624e+02 -1.76005e+03 -8.16429e+02  1.64740e+02
   470    223.954  1.01389e+03 -1.75621e+03 -7.42325e+02  1.66073e+02
   480    240.200  1.08744e+03 -1.75174e+03 -6.64304e+02  1.67622e+02
   490    257.103  1.16396e+03 -1.74665e+03 -5.82685e+02  1.69382e+02
   500    274.572  1.24305e+03 -1.74025e+03 -4.97196e+02  1.71388e+02
   510    292.480  1.32412e+03 -1.73256e+03 -4.08435e+02  1.73625e+02
   520    310.668  1.40646e+03 -1.72426e+03 -3.17796e+02  1.76036e+02
   530    328.935  1.48916e+03 -1.71488e+03 -2.25714e+02  1.78627e+02
   540    347.044  1.57115e+03 -1.70491e+03 -1.33767e+02  1.81340e+02
   550    364.717  1.65115e+03 -1.69320e+03 -4.20434e+01  1.84212e+02
   560    381.658  1.72785e+03 -1.67991e+03  4.79473e+01  1.87194e+02
   570    397.576  1.79992e+03 -1.66466e+03  1.35255e+02  1.90259e+02
   580    412.207  1.86615e+03 -1.64797e+03  2.18184e+02  1.93319e+02
   590    425.354  1.92567e+03 -1.62930e+03  2.96372e+02  1.96339e+02
   600    436.892  1.97791e+03 -1.61050e+03  3.67407e+02  1.99129e+02
   610    446.750  2.02254e+03 -1.59195e+03  4.30584e+02  2.01588e+02
   620    454.860  2.05925e+03 -1.57451e+03  4.84743e+02  2.03594e+02
   630    461.123  2.08761e+03 -1.55879e+03  5.28814e+02  2.05054e+02
   640    465.430  2.10711e+03 -1.54517e+03  5.61932e+02  2.05906e+02
   650    467.726  2.11750e+03 -1.53349e+03  5.84007e+02  2.06125e+02
   660    468.045  2.11895e+03 -1.52429e+03  5.94654e+02  2.05655e+02
   670    466.485  2.11188e+03 -1.51808e+03  5.93804e+02  2.04448e+02
   680    463.139  2.09674e+03 -1.51447e+03  5.82269e+02  2.02526e+02
   690    458.057  2.07373e+03 -1.51408e+03  5.59648e+02  1.99876e+02
   700    451.232  2.04283e+03 -1.51575e+03  5.27081e+02  1.96616e+02
   710    442.642  2.00394e+03 -1.51918e+03  4.84762e+02  1.92825e+02
   720    432.290  1.95707e+03 -1.52356e+03  4.33512e+02  1.88626e+02
   730    420.249  1.90256e+03 -1.52772e+03  3.74844e+02  1.84161e+02
   740    406.672  1.84110e+03 -1.53149e+03  3.09609e+02  1.79509e+02
   750    391.780  1.77367e+03 -1.53512e+03  2.38550e+02  1.74718e+02
   760    375.837  1.70150e+03 -1.53813e+03  1.63364e+02  1.69872e+02
   770    359.130  1.62586e+03 -1.54069e+03  8.51712e+01  1.65012e+02
   780    341.939  1.54803e+03 -1.54282e+03  5.21160e+00  1.60180e+02
   790    324.529  1.46922e+03 -1.54502e+03 -7.58039e+01  1.55384e+02
   800    307.136  1.39047e+03 -1.54703e+03 -1.56553e+02  1.50672e+02
   810    289.966  1.31274e+03 -1.54932e+03 -2.36580e+02  1.46044e+02
   820    273.189  1.23679e+03 -1.55171e+03 -3.14918e+02  1.41534e+02
   830    256.945  1.16325e+03 -1.55443e+03 -3.91188e+02  1.37143e+02
   840    241.337  1.09259e+03 -1.55768e+03 -4.65094e+02  1.32875e+02
   850    226.445  1.02517e+03 -1.56110e+03 -5.35927e+02  1.28760e+02
   860    212.319  9.61214e+02 -1.56474e+03 -6.03523e+02  1.24800e+02
   870    198.984  9.00846e+02 -1.56875e+03 -6.67901e+02  1.20989e+02
   880    186.447  8.44089e+02 -1.57298e+03 -7.28891e+02  1.17338e+02
   890    174.697  7.90892e+02 -1.57768e+03 -7.86783e+02  1.13830e+02
   900    163.708  7.41143e+02 -1.58233e+03 -8.41189e+02  1.10495e+02
   910    153.446  6.94686e+02 -1.58710e+03 -8.92418e+02  1.07318e+02
   920    143.875  6.51357e+02 -1.59190e+03 -9.40541e+02  1.04301e+02
   930    134.961  6.10997e+02 -1.59645e+03 -9.85450e+02  1.01453e+02
   940    126.675  5.73485e+02 -1.60112e+03 -1.02763e+03  9.87404e+01
   950    119.005  5.38763e+02 -1.60580e+03 -1.06703e+03  9.61584e+01
   960    111.955  5.06846e+02 -1.61071e+03 -1.10387e+03  9.36762e+01
   970    105.538  4.77792e+02 -1.61598e+03 -1.13819e+03  9.12683e+01
   980     99.764  4.51652e+02 -1.62192e+03 -1.17027e+03  8.88961e+01
   990     94.628  4.28400e+02 -1.62852e+03 -1.20012e+03  8.65437e+01
  1000     90.097  4.07890e+02 -1.63589e+03 -1.22799e+03  8.41924e+01
  1010     86.114  3.89860e+02 -1.64424e+03 -1.25438e+03  8.18219e+01
  1020     82.606  3.73977e+02 -1.65345e+03 -1.27947e+03  7.94385e+01
  1030     79.498  3.59906e+02 -1.66310e+03 -1.30319e+03  7.70660e+01
  1040     76.726  3.47356e+02 -1.67270e+03 -1.32535e+03  7.47348e+01
  1050     74.243  3.36114e+02 -1.68249e+03 -1.34638e+03  7.24299e+01
  1060     72.023  3.26064e+02 -1.69258e+03 -1.36652e+03  7.01416e+01
  1070     70.058  3.17168e+02 -1.70270e+03 -1.38553e+03  6.78823e+01
  1080     68.350  3.09434e+02 -1.71305e+03 -1.40362e+03  6.56329e+01
  1090     66.903  3.02884e+02 -1.72359e+03 -1.42071e+03  6.33901e+01
  1100     65.714  2.97503e+02 -1.73468e+03 -1.43717e+03  6.11279e+01
  1110     64.771  2.93231e+02 -1.74617e+03 -1.45294e+03  5.88515e+01
  1120     64.047  2.89956e+02 -1.75816e+03 -1.46821e+03  5.65551e+01
  1130     63.512  2.87533e+02 -1.77055e+03 -1.48302e+03  5.42469e+01
  1140     63.132  2.85815e+02 -1.78320e+03 -1.49739e+03  5.19373e+01
  1150     62.878  2.84663e+02 -1.79586e+03 -1.51120e+03  4.96457e+01
  1160     62.723  2.83961e+02 -1.80822e+03 -1.52426e+03  4.73928e+01
  1170     62.648  2.83622e+02 -1.82078e+03 -1.53716e+03  4.51518e+01
  1180     62.641  2.83588e+02 -1.83297e+03 -1.54939e+03  4.29580e+01
  1190     62.693  2.83823e+02 -1.84517e+03 -1.56135e+03  4.07909e+01
  1200     62.799  2.84306e+02 -1.85713e+03 -1.57283e+03  3.86652e+01
  1210     62.958  2.85025e+02 -1.86901e+03 -1.58398e+03  3.65730e+01
  1220     63.168  2.85978e+02 -1.88105e+03 -1.59507e+03  3.44981e+01
  1230     63.430  2.87164e+02 -1.89297e+03 -1.60581e+03  3.24586e+01
  1240     63.743  2.88580e+02 -1.90457e+03 -1.61599e+03  3.04668e+01
  1250     64.106  2.90221e+02 -1.91608e+03 -1.62586e+03  2.85092e+01
  1260     64.516  2.92080e+02 -1.92724e+03 -1.63516e+03  2.66008e+01
  1270     64.973  2.94147e+02 -1.93827e+03 -1.64412e+03  2.47290e+01
  1280     65.472  2.96408e+02 -1.94921e+03 -1.65280e+03  2.28926e+01
  1290     66.012  2.98849e+02 -1.96007e+03 -1.66122e+03  2.10907e+01
  1300     66.586  3.01448e+02 -1.97070e+03 -1.66925e+03  1.93342e+01
  1310     67.190  3.04186e+02 -1.98095e+03 -1.67676e+03  1.76331e+01
  1320     67.820  3.07036e+02 -1.99090e+03 -1.68387e+03  1.59839e+01
  1330     68.469  3.09973e+02 -2.00060e+03 -1.69063e+03  1.43848e+01
  1340     69.131  3.12970e+02 -2.00997e+03 -1.69700e+03  1.28423e+01
  1350     69.803  3.16013e+02 -2.01896e+03 -1.70294e+03  1.13598e+01
  1360     70.482  3.19088e+02 -2.02757e+03 -1.70848e+03  9.93785e+00
  1370     71.167  3.22191e+02 -2.03594e+03 -1.71375e+03  8.56886e+00
  1380     71.861  3.25329e+02 -2.04383e+03 -1.71850e+03  7.26763e+00
  1390     72.564  3.28512e+02 -2.05173e+03 -1.72322e+03  6.00408e+00
  1400     73.280  3.31756e+02 -2.05920e+03 -1.72745e+03  4.80412e+00
  1410     74.014  3.35080e+02 -2.06654e+03 -1.73146e+03  3.65046e+00
  1420     74.771  3.38503e+02 -2.07344e+03 -1.73493e+03  2.56019e+00
  1430     75.552  3.42043e+02 -2.08024e+03 -1.73820e+03  1.51269e+00
  1440     76.363  3.45711e+02 -2.08648e+03 -1.74077e+03  5.37151e-01
  1450     77.202  3.49509e+02 -2.09257e+03 -1.74306e+03 -3.91749e-01
  1460     78.068  3.53431e+02 -2.09813e+03 -1.74470e+03 -1.25043e+00
  1470     78.959  3.57464e+02 -2.10369e+03 -1.74622e+03 -2.06858e+00
  1480     79.870  3.61587e+02 -2.10888e+03 -1.74729e+03 -2.82352e+00
  1490     80.795  3.65778e+02 -2.11361e+03 -1.74783e+03 -3.50695e+00
  1500     81.731  3.70013e+02 -2.11804e+03 -1.74802e+03 -4.12782e+00
  1510     82.671  3.74271e+02 -2.12197e+03 -1.74770e+03 -4.67211e+00
  1520     83.614  3.78538e+02 -2.12556e+03 -1.74702e+03 -5.14887e+00
  1530     84.558  3.82815e+02 -2.12872e+03 -1.74590e+03 -5.55109e+00
  1540     85.507  3.87110e+02 -2.13137e+03 -1.74426e+03 -5.87559e+00
  1550     86.465  3.91446e+02 -2.13365e+03 -1.74221e+03 -6.13046e+00
  1560     87.440  3.95860e+02 -2.13555e+03 -1.73969e+03 -6.31647e+00
  1570     88.442  4.00396e+02 -2.13719e+03 -1.73680e+03 -6.44252e+00
  1580     89.481  4.05099e+02 -2.13839e+03 -1.73329e+03 -6.49922e+00
  1590     90.565  4.10006e+02 -2.13958e+03 -1.72957e+03 -6.51455e+00
  1600     91.699  4.15140e+02 -2.14024e+03 -1.72510e+03 -6.45735e+00
  1610     92.884  4.20508e+02 -2.14083e+03 -1.72032e+03 -6.35632e+00
  1620     94.120  4.26103e+02 -2.14116e+03 -1.71506e+03 -6.19959e+00
  1630     95.405  4.31919e+02 -2.14129e+03 -1.70937e+03 -5.98980e+00
  1640     96.739  4.37960e+02 -2.14118e+03 -1.70322e+03 -5.72571e+00
  1650     98.129  4.44250e+02 -2.14078e+03 -1.69653e+03 -5.40443e+00
  1660     99.585  4.50845e+02 -2.14035e+03 -1.68950e+03 -5.04274e+00
  1670    101.126  4.57819e+02 -2.13978e+03 -1.68196e+03 -4.63711e+00
  1680    102.768  4.65256e+02 -2.13884e+03 -1.67359e+03 -4.17462e+00
  1690    104.530  4.73230e+02 -2.13845e+03 -1.66522e+03 -3.71363e+00
  1700    106.420  4.81786e+02 -2.13775e+03 -1.65597e+03 -3.20153e+00
  1710    108.441  4.90939e+02 -2.13713e+03 -1.64619e+03 -2.66129e+00
  1720    110.591  5.00671e+02 -2.13647e+03 -1.63580e+03 -2.08457e+00
  1730    112.859  5.10936e+02 -2.13605e+03 -1.62511e+03 -1.48484e+00
  1740    115.226  5.21653e+02 -2.13539e+03 -1.61374e+03 -8.29872e-01
  1750    117.670  5.32717e+02 -2.13456e+03 -1.60184e+03 -1.18431e-01
  1760    120.162  5.44002e+02 -2.13357e+03 -1.58957e+03  6.53310e-01
  1770    122.674  5.55373e+02 -2.13197e+03 -1.57660e+03  1.51715e+00
  1780    125.179  5.66714e+02 -2.12982e+03 -1.56310e+03  2.47275e+00
  1790    127.661  5.77948e+02 -2.12717e+03 -1.54922e+03  3.51770e+00
  1800    130.112  5.89047e+02 -2.12392e+03 -1.53488e+03  4.65770e+00
  1810    132.537  6.00026e+02 -2.12002e+03 -1.52000e+03  5.89217e+00
  1820    134.949  6.10943e+02 -2.11561e+03 -1.50467e+03  7.20830e+00
  1830    137.361  6.21863e+02 -2.11073e+03 -1.48887e+03  8.59800e+00
  1840    139.787  6.32845e+02 -2.10560e+03 -1.47275e+03  1.00426e+01
  1850    142.234  6.43926e+02 -2.10025e+03 -1.45632e+03  1.15352e+01
  1860    144.707  6.55122e+02 -2.09448e+03 -1.43936e+03  1.30846e+01
  1870    147.203  6.66421e+02 -2.08857e+03 -1.42215e+03  1.46714e+01
  1880    149.715  6.77792e+02 -2.08232e+03 -1.40453e+03  1.63050e+01
  1890    152.232  6.89189e+02 -2.07587e+03 -1.38668e+03  1.79746e+01
  1900    154.747  7.00574e+02 -2.06897e+03 -1.36840e+03  1.96940e+01
  1910    157.253  7.11920e+02 -2.06212e+03 -1.35020e+03  2.14308e+01
  1920    159.751  7.23228e+02 -2.05481e+03 -1.33159e+03  2.32120e+01
  1930    162.247  7.34531e+02 -2.04705e+03 -1.31252e+03  2.50338e+01
  1940    164.759  7.45902e+02 -2.03945e+03 -1.29355e+03  2.68520e+01
  1950    167.309  7.57444e+02 -2.03177e+03 -1.27432e+03  2.86754e+01
  1960    169.919  7.69263e+02 -2.02443e+03 -1.25517e+03  3.04724e+01
  1970    172.604  7.81417e+02 -2.01750e+03 -1.23608e+03  3.22345e+01
  1980    175.357  7.93878e+02 -2.01063e+03 -1.21675e+03  3.39819e+01
  1990    178.148  8.06514e+02 -2.00407e+03 -1.19755e+03  3.57015e+01
  2000    180.929  8.19106e+02 -1.99759e+03 -1.17849e+03  3.74106e+01
  2010    183.641  8.31385e+02 -1.99116e+03 -1.15978e+03  3.91178e+01
  2020    186.229  8.43100e+02 -1.98414e+03 -1.14104e+03  4.08667e+01
  2030    188.648  8.54053e+02 -1.97667e+03 -1.12261e+03  4.26501e+01
  2040    190.879  8.64151e+02 -1.96890e+03 -1.10475e+03  4.44569e+01
  2050    192.927  8.73423e+02 -1.96056e+03 -1.08714e+03  4.62986e+01
  2060    194.828  8.82029e+02 -1.95169e+03 -1.06966e+03  4.81609e+01
  2070    196.638  8.90223e+02 -1.94316e+03 -1.05294e+03  4.99769e+01
  2080    198.417  8.98281e+02 -1.93490e+03 -1.03662e+03  5.17374e+01
  2090    200.211  9.06401e+02 -1.92740e+03 -1.02100e+03  5.34005e+01
  2100    202.025  9.14613e+02 -1.92047e+03 -1.00586e+03  5.49713e+01
  2110    203.834  9.22804e+02 -1.91425e+03 -9.91451e+02  5.64385e+01
  2120    205.598  9.30788e+02 -1.90852e+03 -9.77727e+02  5.78165e+01
  2130    207.286  9.38432e+02 -1.90308e+03 -9.64651e+02  5.91129e+01
  2140    208.901  9.45740e+02 -1.89841e+03 -9.52670e+02  6.02934e+01
  2150    210.473  9.52860e+02 -1.89418e+03 -9.41324e+02  6.13658e+01
  2160    212.061  9.60049e+02 -1.89094e+03 -9.30894e+02  6.22833e+01
  2170    213.728  9.67593e+02 -1.88909e+03 -9.21500e+02  6.30063e+01
  2180    215.529  9.75749e+02 -1.88857e+03 -9.12816e+02  6.35265e+01
  2190    217.497  9.84657e+02 -1.89004e+03 -9.05387e+02  6.37957e+01
  2200    219.614  9.94242e+02 -1.89298e+03 -8.98736e+02  6.38495e+01
  2210    221.807  1.00417e+03 -1.89745e+03 -8.93277e+02  6.36946e+01
  2220    223.950  1.01387e+03 -1.90290e+03 -8.89030e+02  6.33858e+01
  2230    225.882  1.02262e+03 -1.90825e+03 -8.85634e+02  6.30169e+01
  2240    227.436  1.02966e+03 -1.91338e+03 -8.83728e+02  6.26250e+01
  2250    228.453  1.03426e+03 -1.91740e+03 -8.83141e+02  6.22932e+01
  2260    228.804  1.03585e+03 -1.91953e+03 -8.83682e+02  6.20930e+01
  2270    228.401  1.03402e+03 -1.91986e+03 -8.85839e+02  6.20368e+01
  2280    227.209  1.02863e+03 -1.91800e+03 -8.89373e+02  6.21589e+01
  2290    225.247  1.01975e+03 -1.91370e+03 -8.93956e+02  6.24748e+01
  2300    222.590  1.00772e+03 -1.90768e+03 -8.99958e+02  6.29335e+01
  2310    219.355  9.93068e+02 -1.90016e+03 -9.07089e+02  6.35058e+01
  2320    215.681  9.76437e+02 -1.89162e+03 -9.15183e+02  6.41423e+01
  2330    211.719  9.58498e+02 -1.88299e+03 -9.24491e+02  6.47636e+01
  2340    207.614  9.39917e+02 -1.87430e+03 -9.34381e+02  6.53442e+01
  2350    203.518  9.21370e+02 -1.86622e+03 -9.44848e+02  6.58191e+01
  2360    199.582  9.03551e+02 -1.85949e+03 -9.55940e+02  6.61178e+01
  2370    195.957  8.87140e+02 -1.85484e+03 -9.67701e+02  6.61717e+01
  2380    192.767  8.72699e+02 -1.85261e+03 -9.79913e+02  6.59402e+01
  2390    190.088  8.60571e+02 -1.85287e+03 -9.92295e+02  6.54077e+01
  2400    187.932  8.50812e+02 -1.85604e+03 -1.00523e+03  6.45458e+01
  2410    186.248  8.43188e+02 -1.86196e+03 -1.01877e+03  6.33739e+01
  2420    184.936  8.37246e+02 -1.86987e+03 -1.03263e+03  6.19546e+01
  2430    183.867  8.32405e+02 -1.87912e+03 -1.04672e+03  6.03517e+01
  2440    182.908  8.28066e+02 -1.88919e+03 -1.06112e+03  5.86230e+01
  2450    181.947  8.23716e+02 -1.89976e+03 -1.07604e+03  5.68115e+01
  2460    180.906  8.19003e+02 -1.91037e+03 -1.09137e+03  5.49650e+01
  2470    179.750  8.13770e+02 -1.92076e+03 -1.10699e+03  5.31153e+01
  2480    178.481  8.08025e+02 -1.93085e+03 -1.12282e+03  5.12758e+01
  2490    177.112  8.01826e+02 -1.94098e+03 -1.13916e+03  4.94327e+01
  2500    175.640  7.95163e+02 -1.95072e+03 -1.15556e+03  4.76217e+01
  2510    174.037  7.87904e+02 -1.96016e+03 -1.17226e+03  4.58493e+01
  2520    172.250  7.79813e+02 -1.96874e+03 -1.18893e+03  4.41645e+01
  2530    170.223  7.70639e+02 -1.97654e+03 -1.20590e+03  4.25776e+01
  2540    167.913  7.60181e+02 -1.98299e+03 -1.22281e+03  4.11358e+01
  2550    165.296  7.48333e+02 -1.98791e+03 -1.23958e+03  3.98602e+01
  2560    162.375  7.35106e+02 -1.99142e+03 -1.25631e+03  3.87485e+01
  2570    159.176  7.20626e+02 -1.99331e+03 -1.27268e+03  3.78124e+01
  2580    155.758  7.05154e+02 -1.99451e+03 -1.28935e+03  3.69887e+01
  2590    152.204  6.89061e+02 -1.99465e+03 -1.30559e+03  3.62885e+01
  2600    148.610  6.72790e+02 -1.99414e+03 -1.32135e+03  3.56718e+01
  2610    145.071  6.56768e+02 -1.99337e+03 -1.33660e+03  3.50994e+01
  2620    141.658  6.41320e+02 -1.99307e+03 -1.35175e+03  3.45126e+01
  2630    138.413  6.26626e+02 -1.99296e+03 -1.36633e+03  3.39205e+01
  2640    135.346  6.12740e+02 -1.99306e+03 -1.38032e+03  3.33153e+01
  2650    132.454  5.99651e+02 -1.99346e+03 -1.39381e+03  3.26893e+01
  2660    129.737  5.87349e+02 -1.99431e+03 -1.40696e+03  3.20310e+01
  2670    127.202  5.75871e+02 -1.99578e+03 -1.41991e+03  3.13264e+01
  2680    124.866  5.65298e+02 -1.99730e+03 -1.43201e+03  3.06064e+01
  2690    122.756  5.55742e+02 -1.99953e+03 -1.44379e+03  2.98256e+01
  2700    120.893  5.47312e+02 -2.00246e+03 -1.45515e+03  2.89792e+01
  2710    119.295  5.40075e+02 -2.00601e+03 -1.46594e+03  2.80689e+01
  2720    117.959  5.34027e+02 -2.01039e+03 -1.47636e+03  2.70824e+01
  2730    116.863  5.29067e+02 -2.01542e+03 -1.48636e+03  2.60336e+01
  2740    115.964  5.24997e+02 -2.02115e+03 -1.49615e+03  2.49272e+01
  2750    115.204  5.21556e+02 -2.02699e+03 -1.50544e+03  2.38083e+01
  2760    114.522  5.18466e+02 -2.03307e+03 -1.51461e+03  2.26811e+01
  2770    113.862  5.15477e+02 -2.03873e+03 -1.52325e+03  2.15959e+01
  2780    113.181  5.12395e+02 -2.04394e+03 -1.53154e+03  2.05640e+01
  2790    112.449  5.09082e+02 -2.04860e+03 -1.53952e+03  1.95973e+01
  2800    111.648  5.05455e+02 -2.05254e+03 -1.54709e+03  1.87126e+01
  2810    110.769  5.01478e+02 -2.05604e+03 -1.55456e+03  1.78957e+01
  2820    109.816  4.97160e+02 -2.05844e+03 -1.56128e+03  1.71866e+01
  2830    108.798  4.92551e+02 -2.06004e+03 -1.56749e+03  1.65667e+01
  2840    107.734  4.87735e+02 -2.06125e+03 -1.57352e+03  1.60072e+01
  2850    106.650  4.82830e+02 -2.06190e+03 -1.57907e+03  1.55145e+01
  2860    105.581  4.77988e+02 -2.06230e+03 -1.58431e+03  1.50625e+01
  2870    104.562  4.73374e+02 -2.06246e+03 -1.58909e+03  1.46436e+01
  2880    103.633  4.69170e+02 -2.06255e+03 -1.59338e+03  1.42402e+01
  2890    102.833  4.65548e+02 -2.06289e+03 -1.59734e+03  1.38253e+01
  2900    102.194  4.62657e+02 -2.06354e+03 -1.60088e+03  1.33881e+01
  2910    101.742  4.60609e+02 -2.06487e+03 -1.60426e+03  1.29019e+01
  2920    101.487  4.59455e+02 -2.06671e+03 -1.60726e+03  1.23748e+01
  2930    101.424  4.59171e+02 -2.06886e+03 -1.60969e+03  1.18194e+01
  2940    101.537  4.59681e+02 -2.07138e+03 -1.61170e+03  1.12361e+01
  2950    101.799  4.60865e+02 -2.07426e+03 -1.61339e+03  1.06296e+01
  2960    102.179  4.62589e+02 -2.07741e+03 -1.61482e+03  1.00117e+01
  2970    102.653  4.64733e+02 -2.08050e+03 -1.61577e+03  9.40916e+00
  2980    103.200  4.67209e+02 -2.08360e+03 -1.61639e+03  8.82285e+00
  2990    103.808  4.69963e+02 -2.08655e+03 -1.61659e+03  8.26634e+00
  3000    104.473  4.72972e+02 -2.08940e+03 -1.61642e+03  7.74046e+00
  3010    105.192  4.76229e+02 -2.09217e+03 -1.61594e+03  7.24578e+00
  3020    105.965  4.79726e+02 -2.09495e+03 -1.61523e+03  6.77913e+00
  3030    106.785  4.83439e+02 -2.09758e+03 -1.61414e+03  6.35471e+00
  3040    107.642  4.87319e+02 -2.09963e+03 -1.61231e+03  6.00106e+00
  3050    108.521  4.91298e+02 -2.10156e+03 -1.61026e+03  5.69456e+00
  3060    109.402  4.95285e+02 -2.10324e+03 -1.60795e+03  5.44740e+00
  3070    110.264  4.99188e+02 -2.10456e+03 -1.60537e+03  5.27062e+00
  3080    111.087  5.02914e+02 -2.10527e+03 -1.60236e+03  5.18279e+00
  3090    111.856  5.06399e+02 -2.10527e+03 -1.59887e+03  5.19229e+00
  3100    112.566  5.09611e+02 -2.10465e+03 -1.59504e+03  5.29389e+00
  3110    113.217  5.12558e+02 -2.10350e+03 -1.59094e+03  5.48019e+00
  3120    113.823  5.15301e+02 -2.10195e+03 -1.58665e+03  5.73996e+00
  3130    114.406  5.17944e+02 -2.09992e+03 -1.58198e+03  6.07212e+00
  3140    114.999  5.20628e+02 -2.09761e+03 -1.57698e+03  6.45858e+00
  3150    115.635  5.23504e+02 -2.09527e+03 -1.57176e+03  6.87486e+00
  3160    116.346  5.26725e+02 -2.09282e+03 -1.56610e+03  7.31929e+00
  3170    117.161  5.30413e+02 -2.09049e+03 -1.56007e+03  7.77262e+00
  3180    118.093  5.34634e+02 -2.08819e+03 -1.55355e+03  8.23556e+00
  3190    119.146  5.39401e+02 -2.08623e+03 -1.54683e+03  8.68737e+00
  3200    120.313  5.44684e+02 -2.08441e+03 -1.53973e+03  9.14174e+00
  3210    121.580  5.50418e+02 -2.08284e+03 -1.53242e+03  9.59332e+00
  3220    122.931  5.56537e+02 -2.08114e+03 -1.52461e+03  1.00670e+01
  3230    124.355  5.62983e+02 -2.07936e+03 -1.51637e+03  1.05633e+01
  3240    125.842  5.69715e+02 -2.07776e+03 -1.50804e+03  1.10666e+01
  3250    127.388  5.76714e+02 -2.07599e+03 -1.49927e+03  1.16002e+01
  3260    128.987  5.83955e+02 -2.07413e+03 -1.49018e+03  1.21602e+01
  3270    130.634  5.91410e+02 -2.07211e+03 -1.48070e+03  1.27534e+01
  3280    132.317  5.99030e+02 -2.07012e+03 -1.47109e+03  1.33695e+01
  3290    134.021  6.06745e+02 -2.06766e+03 -1.46091e+03  1.40414e+01
  3300    135.731  6.14483e+02 -2.06505e+03 -1.45056e+03  1.47519e+01
  3310    137.429  6.22172e+02 -2.06239e+03 -1.44022e+03  1.54962e+01
  3320    139.108  6.29772e+02 -2.05916e+03 -1.42938e+03  1.63069e+01
  3330    140.768  6.37286e+02 -2.05537e+03 -1.41808e+03  1.71810e+01
  3340    142.422  6.44774e+02 -2.05149e+03 -1.40671e+03  1.80865e+01
  3350    144.097  6.52360e+02 -2.04753e+03 -1.39516e+03  1.90156e+01
  3360    145.835  6.60228e+02 -2.04374e+03 -1.38351e+03  1.99443e+01
  3370    147.682  6.68591e+02 -2.04014e+03 -1.37155e+03  2.08631e+01
  3380    149.685  6.77659e+02 -2.03708e+03 -1.35942e+03  2.17409e+01
  3390    151.881  6.87598e+02 -2.03465e+03 -1.34706e+03  2.25654e+01
  3400    154.285  6.98482e+02 -2.03285e+03 -1.33436e+03  2.33335e+01
  3410    156.893  7.10288e+02 -2.03217e+03 -1.32188e+03  2.40139e+01
  3420    159.676  7.22888e+02 -2.03204e+03 -1.30915e+03  2.46453e+01
  3430    162.586  7.36065e+02 -2.03238e+03 -1.29631e+03  2.52397e+01
  3440    165.562  7.49534e+02 -2.03264e+03 -1.28311e+03  2.58383e+01
  3450    168.529  7.62969e+02 -2.03293e+03 -1.26996e+03  2.64449e+01
  3460    171.416  7.76037e+02 -2.03303e+03 -1.25699e+03  2.70832e+01
  3470    174.155  7.88437e+02 -2.03237e+03 -1.24393e+03  2.77946e+01
  3480    176.696  7.99943e+02 -2.03096e+03 -1.23102e+03  2.85845e+01
  3490    179.013  8.10430e+02 -2.02861e+03 -1.21818e+03  2.94660e+01
  3500    181.097  8.19869e+02 -2.02571e+03 -1.20584e+03  3.04139e+01
  3510    182.953  8.28268e+02 -2.02212e+03 -1.19385e+03  3.14333e+01
  3520    184.580  8.35635e+02 -2.01757e+03 -1.18193e+03  3.25366e+01
  3530    185.972  8.41938e+02 -2.01230e+03 -1.17036e+03  3.37074e+01
  3540    187.107  8.47074e+02 -2.00670e+03 -1.15962e+03  3.49219e+01
  3550    187.952  8.50899e+02 -2.00008e+03 -1.14918e+03  3.62221e+01
  3560    188.470  8.53244e+02 -1.99247e+03 -1.13922e+03  3.76083e+01
  3570    188.635  8.53994e+02 -1.98360e+03 -1.12961e+03  3.90947e+01
  3580    188.446  8.53137e+02 -1.97366e+03 -1.12052e+03  4.06662e+01
  3590    187.933  8.50814e+02 -1.96299e+03 -1.11218e+03  4.22908e+01
  3600    187.168  8.47350e+02 -1.95171e+03 -1.10436e+03  4.39463e+01
  3610    186.258  8.43231e+02 -1.94018e+03 -1.09695e+03  4.55884e+01
  3620    185.338  8.39066e+02 -1.92929e+03 -1.09023e+03  4.71392e+01
  3630    184.548  8.35492e+02 -1.91962e+03 -1.08413e+03  4.85382e+01
  3640    184.015  8.33077e+02 -1.91140e+03 -1.07833e+03  4.97488e+01
  3650    183.828  8.32230e+02 -1.90508e+03 -1.07285e+03  5.07291e+01
  3660    184.031  8.33148e+02 -1.90119e+03 -1.06804e+03  5.14382e+01
  3670    184.622  8.35824e+02 -1.89952e+03 -1.06369e+03  5.18890e+01
  3680    185.566  8.40098e+02 -1.90031e+03 -1.06021e+03  5.20726e+01
  3690    186.805  8.45707e+02 -1.90261e+03 -1.05690e+03  5.20580e+01
  3700    188.261  8.52300e+02 -1.90611e+03 -1.05381e+03  5.18781e+01
  3710    189.837  8.59434e+02 -1.91083e+03 -1.05140e+03  5.15487e+01
  3720    191.417  8.66589e+02 -1.91604e+03 -1.04946e+03  5.11348e+01
  3730    192.877  8.73199e+02 -1.92158e+03 -1.04838e+03  5.06677e+01
  3740    194.099  8.78730e+02 -1.92651e+03 -1.04778e+03  5.02246e+01
  3750    194.981  8.82722e+02 -1.93044e+03 -1.04772e+03  4.98462e+01
  3760    195.453  8.84858e+02 -1.93336e+03 -1.04850e+03  4.95461e+01
  3770    195.484  8.84998e+02 -1.93497e+03 -1.04997e+03  4.93474e+01
  3780    195.093  8.83229e+02 -1.93513e+03 -1.05190e+03  4.92577e+01
  3790    194.339  8.79818e+02 -1.93447e+03 -1.05465e+03  4.92313e+01
  3800    193.312  8.75168e+02 -1.93310e+03 -1.05793e+03  4.92492e+01
  3810    192.104  8.69699e+02 -1.93189e+03 -1.06219e+03  4.92463e+01
  3820    190.794  8.63766e+02 -1.93067e+03 -1.06690e+03  4.92215e+01
  3830    189.434  8.57610e+02 -1.92953e+03 -1.07192e+03  4.91623e+01
  3840    188.054  8.51363e+02 -1.92879e+03 -1.07743e+03  4.90471e+01
  3850    186.663  8.45063e+02 -1.92861e+03 -1.08355e+03  4.88659e+01
  3860    185.247  8.38653e+02 -1.92889e+03 -1.09024e+03  4.86291e+01
  3870    183.774  8.31985e+02 -1.92919e+03 -1.09720e+03  4.83701e+01
  3880    182.206  8.24889e+02 -1.92924e+03 -1.10435e+03  4.81123e+01
  3890    180.518  8.17248e+02 -1.92947e+03 -1.11222e+03  4.78362e+01
  3900    178.709  8.09056e+02 -1.92923e+03 -1.12018e+03  4.75819e+01
  3910    176.800  8.00413e+02 -1.92871e+03 -1.12830e+03  4.73379e+01
  3920    174.826  7.91477e+02 -1.92830e+03 -1.13682e+03  4.70757e+01
  3930    172.822  7.82403e+02 -1.92829e+03 -1.14589e+03  4.67722e+01
  3940    170.814  7.73312e+02 -1.92836e+03 -1.15505e+03  4.64446e+01
  3950    168.817  7.64272e+02 -1.92845e+03 -1.16418e+03  4.60938e+01
  3960    166.834  7.55297e+02 -1.92889e+03 -1.17359e+03  4.57003e+01
  3970    164.866  7.46385e+02 -1.92954e+03 -1.18315e+03  4.52713e+01
  3980    162.913  7.37542e+02 -1.93005e+03 -1.19251e+03  4.48299e+01
  3990    160.979  7.28787e+02 -1.93109e+03 -1.20230e+03  4.43346e+01
  4000    159.077  7.20177e+02 -1.93206e+03 -1.21188e+03  4.38215e+01
  4010    157.228  7.11805e+02 -1.93333e+03 -1.22153e+03  4.32648e+01
  4020    155.460  7.03800e+02 -1.93493e+03 -1.23113e+03  4.26615e+01
  4030    153.802  6.96294e+02 -1.93686e+03 -1.24057e+03  4.20087e+01
  4040    152.277  6.89391e+02 -1.93942e+03 -1.25003e+03  4.12874e+01
  4050    150.893  6.83126e+02 -1.94247e+03 -1.25935e+03  4.05072e+01
  4060    149.639  6.77448e+02 -1.94610e+03 -1.26865e+03  3.96687e+01
  4070    148.477  6.72188e+02 -1.95000e+03 -1.27782e+03  3.87989e+01
  4080    147.349  6.67084e+02 -1.95420e+03 -1.28711e+03  3.79098e+01
  4090    146.186  6.61818e+02 -1.95784e+03 -1.29602e+03  3.70667e+01
  4100    144.916  6.56070e+02 -1.96107e+03 -1.30500e+03  3.62756e+01
  4110    143.486  6.49594e+02 -1.96323e+03 -1.31363e+03  3.55871e+01
  4120    141.867  6.42265e+02 -1.96453e+03 -1.32226e+03  3.49947e+01
  4130    140.066  6.34112e+02 -1.96482e+03 -1.33070e+03  3.45081e+01
  4140    138.129  6.25339e+02 -1.96426e+03 -1.33892e+03  3.41098e+01
  4150    136.132  6.16302e+02 -1.96340e+03 -1.34710e+03  3.37542e+01
  4160    134.183  6.07476e+02 -1.96244e+03 -1.35496e+03  3.34119e+01
  4170    132.392  5.99369e+02 -1.96176e+03 -1.36239e+03  3.30395e+01
  4180    130.856  5.92415e+02 -1.96211e+03 -1.36970e+03  3.25753e+01
  4190    129.636  5.86891e+02 -1.96343e+03 -1.37654e+03  3.20116e+01
  4200    128.749  5.82874e+02 -1.96597e+03 -1.38310e+03  3.13274e+01
  4210    128.178  5.80292e+02 -1.96979e+03 -1.38950e+03  3.05217e+01
  4220    127.890  5.78988e+02 -1.97473e+03 -1.39574e+03  2.96085e+01
  4230    127.844  5.78777e+02 -1.98058e+03 -1.40180e+03  2.86090e+01
  4240    127.993  5.79452e+02 -1.98710e+03 -1.40765e+03  2.75471e+01
  4250    128.286  5.80781e+02 -1.99398e+03 -1.41320e+03  2.64534e+01
  4260    128.666  5.82502e+02 -2.00115e+03 -1.41865e+03  2.53438e+01
  4270    129.071  5.84331e+02 -2.00794e+03 -1.42360e+03  2.42736e+01
  4280    129.435  5.85980e+02 -2.01453e+03 -1.42855e+03  2.32445e+01
  4290    129.702  5.87189e+02 -2.02048e+03 -1.43329e+03  2.22972e+01
  4300    129.824  5.87742e+02 -2.02571e+03 -1.43797e+03  2.14456e+01
  4310    129.769  5.87493e+02 -2.02981e+03 -1.44232e+03  2.07238e+01
  4320    129.520  5.86366e+02 -2.03297e+03 -1.44660e+03  2.01242e+01
  4330    129.074  5.84349e+02 -2.03502e+03 -1.45067e+03  1.96573e+01
  4340    128.446  5.81505e+02 -2.03600e+03 -1.45450e+03  1.93187e+01
  4350    127.665  5.77968e+02 -2.03592e+03 -1.45795e+03  1.91025e+01
  4360    126.774  5.73936e+02 -2.03521e+03 -1.46127e+03  1.89734e+01
  4370    125.833  5.69673e+02 -2.03412e+03 -1.46444e+03  1.89039e+01
  4380    124.909  5.65489e+02 -2.03251e+03 -1.46702e+03  1.88888e+01
  4390    124.075  5.61714e+02 -2.03134e+03 -1.46963e+03  1.88558e+01
  4400    123.397  5.58644e+02 -2.03043e+03 -1.47179e+03  1.88019e+01
  4410    122.923  5.56498e+02 -2.03049e+03 -1.47399e+03  1.86738e+01
  4420    122.677  5.55385e+02 -2.03119e+03 -1.47580e+03  1.84859e+01
  4430    122.657  5.55296e+02 -2.03295e+03 -1.47765e+03  1.82098e+01
  4440    122.842  5.56133e+02 -2.03496e+03 -1.47883e+03  1.78978e+01
  4450    123.198  5.57743e+02 -2.03748e+03 -1.47974e+03  1.75395e+01
  4460    123.687  5.59957e+02 -2.04061e+03 -1.48066e+03  1.71342e+01
  4470    124.270  5.62598e+02 -2.04367e+03 -1.48107e+03  1.67313e+01
  4480    124.912  5.65507e+02 -2.04681e+03 -1.48131e+03  1.63274e+01
  4490    125.583  5.68541e+02 -2.05015e+03 -1.48161e+03  1.59229e+01
  4500    126.253  5.71575e+02 -2.05317e+03 -1.48159e+03  1.55543e+01
  4510    126.903  5.74516e+02 -2.05554e+03 -1.48103e+03  1.52463e+01
  4520    127.519  5.77305e+02 -2.05770e+03 -1.48040e+03  1.49761e+01
  4530    128.096  5.79922e+02 -2.05923e+03 -1.47931e+03  1.47710e+01
  4540    128.640  5.82384e+02 -2.06064e+03 -1.47826e+03  1.45992e+01
  4550    129.159  5.84730e+02 -2.06183e+03 -1.47710e+03  1.44672e+01
  4560    129.664  5.87018e+02 -2.06239e+03 -1.47537e+03  1.43980e+01
  4570    130.169  5.89303e+02 -2.06283e+03 -1.47353e+03  1.43584e+01
  4580    130.681  5.91620e+02 -2.06335e+03 -1.47173e+03  1.43364e+01
  4590    131.201  5.93975e+02 -2.06354e+03 -1.46957e+03  1.43563e+01
  4600    131.722  5.96334e+02 -2.06385e+03 -1.46751e+03  1.43928e+01
  4610    132.228  5.98624e+02 -2.06385e+03 -1.46522e+03  1.44734e+01
  4620    132.698  6.00752e+02 -2.06312e+03 -1.46236e+03  1.46273e+01
  4630    133.112  6.02627e+02 -2.06223e+03 -1.45960e+03  1.48218e+01
  4640    133.456  6.04185e+02 -2.06065e+03 -1.45646e+03  1.50908e+01
  4650    133.733  6.05439e+02 -2.05880e+03 -1.45336e+03  1.54056e+01
  4660    133.969  6.06507e+02 -2.05650e+03 -1.45000e+03  1.57730e+01
  4670    134.215  6.07621e+02 -2.05406e+03 -1.44644e+03  1.61645e+01
  4680    134.536  6.09073e+02 -2.05190e+03 -1.44283e+03  1.65424e+01
  4690    134.987  6.11119e+02 -2.04999e+03 -1.43887e+03  1.69002e+01
  4700    135.593  6.13860e+02 -2.04881e+03 -1.43495e+03  1.72035e+01
  4710    136.337  6.17228e+02 -2.04798e+03 -1.43075e+03  1.74757e+01
  4720    137.180  6.21045e+02 -2.04728e+03 -1.42623e+03  1.77353e+01
  4730    138.083  6.25131e+02 -2.04676e+03 -1.42163e+03  1.79829e+01
  4740    139.019  6.29372e+02 -2.04625e+03 -1.41688e+03  1.82316e+01
  4750    139.982  6.33730e+02 -2.04578e+03 -1.41205e+03  1.84813e+01
  4760    140.976  6.38230e+02 -2.04503e+03 -1.40680e+03  1.87502e+01
  4770    142.013  6.42924e+02 -2.04455e+03 -1.40163e+03  1.90014e+01
  4780    143.108  6.47883e+02 -2.04444e+03 -1.39655e+03  1.92276e+01
  4790    144.278  6.53181e+02 -2.04430e+03 -1.39112e+03  1.94493e+01
  4800    145.537  6.58881e+02 -2.04454e+03 -1.38566e+03  1.96405e+01
  4810    146.894  6.65024e+02 -2.04496e+03 -1.37994e+03  1.98122e+01
  4820    148.346  6.71598e+02 -2.04584e+03 -1.37425e+03  1.99485e+01
  4830    149.876  6.78521e+02 -2.04690e+03 -1.36837e+03  2.00705e+01
  4840    151.451  6.85653e+02 -2.04829e+03 -1.36264e+03  2.01733e+01
  4850    153.028  6.92793e+02 -2.04962e+03 -1.35682e+03  2.02906e+01
  4860    154.557  6.99713e+02 -2.05061e+03 -1.35090e+03  2.04461e+01
  4870    155.986  7.06182e+02 -2.05094e+03 -1.34476e+03  2.06682e+01
  4880    157.270  7.11996e+02 -2.05082e+03 -1.33883e+03  2.09519e+01
  4890    158.373  7.16990e+02 -2.04976e+03 -1.33277e+03  2.13314e+01
  4900    159.273  7.21063e+02 -2.04804e+03 -1.32698e+03  2.17917e+01
  4910    159.963  7.24189e+02 -2.04531e+03 -1.32112e+03  2.23527e+01
  4920    160.456  7.26420e+02 -2.04201e+03 -1.31559e+03  2.29834e+01
  4930    160.783  7.27899e+02 -2.03780e+03 -1.30990e+03  2.36957e+01
  4940    160.990  7.28837e+02 -2.03317e+03 -1.30433e+03  2.44492e+01
  4950    161.137  7.29502e+02 -2.02850e+03 -1.29899e+03  2.52080e+01
  4960    161.287  7.30184e+02 -2.02399e+03 -1.29380e+03  2.59457e+01
  4970    161.501  7.31150e+02 -2.02011e+03 -1.28896e+03  2.66212e+01
  4980    161.823  7.32608e+02 -2.01692e+03 -1.28431e+03  2.72212e+01
  4990    162.282  7.34688e+02 -2.01422e+03 -1.27953e+03  2.77506e+01
  5000    162.888  7.37431e+02 -2.01196e+03 -1.27453e+03  2.82095e+01
  5010    163.631  7.40792e+02 -2.01083e+03 -1.27004e+03  2.85550e+01
  5020    164.485  7.44661e+02 -2.01036e+03 -1.26570e+03  2.88195e+01
  5030    165.416  7.48875e+02 -2.01053e+03 -1.26165e+03  2.90094e+01
  5040    166.376  7.53220e+02 -2.01095e+03 -1.25773e+03  2.91550e+01
  5050    167.313  7.57462e+02 -2.01132e+03 -1.25386e+03  2.92843e+01
  5060    168.174  7.61363e+02 -2.01156e+03 -1.25019e+03  2.94089e+01
  5070    168.917  7.64726e+02 -2.01167e+03 -1.24694e+03  2.95358e+01
  5080    169.512  7.67421e+02 -2.01118e+03 -1.24376e+03  2.96985e+01
  5090    169.950  7.69401e+02 -2.01032e+03 -1.24091e+03  2.98844e+01
  5100    170.239  7.70712e+02 -2.00887e+03 -1.23816e+03  3.01042e+01
  5110    170.409  7.71479e+02 -2.00741e+03 -1.23593e+03  3.03182e+01
  5120    170.496  7.71873e+02 -2.00524e+03 -1.23337e+03  3.05629e+01
  5130    170.543  7.72087e+02 -2.00341e+03 -1.23132e+03  3.07667e+01
  5140    170.589  7.72295e+02 -2.00204e+03 -1.22974e+03  3.09157e+01
  5150    170.666  7.72643e+02 -2.00092e+03 -1.22828e+03  3.10170e+01
  5160    170.796  7.73232e+02 -2.00022e+03 -1.22699e+03  3.10579e+01
  5170    170.992  7.74121e+02 -2.00012e+03 -1.22600e+03  3.10242e+01
  5180    171.258  7.75325e+02 -2.00048e+03 -1.22515e+03  3.09251e+01
  5190    171.583  7.76795e+02 -2.00156e+03 -1.22476e+03  3.07476e+01
  5200    171.942  7.78421e+02 -2.00315e+03 -1.22473e+03  3.05090e+01
  5210    172.304  7.80061e+02 -2.00478e+03 -1.22472e+03  3.02452e+01
  5220    172.633  7.81550e+02 -2.00665e+03 -1.22510e+03  2.99507e+01
  5230    172.896  7.82738e+02 -2.00869e+03 -1.22595e+03  2.96366e+01
  5240    173.061  7.83486e+02 -2.01071e+03 -1.22723e+03  2.93215e+01
  5250    173.101  7.83668e+02 -2.01239e+03 -1.22872e+03  2.90316e+01
  5260    172.992  7.83173e+02 -2.01320e+03 -1.23003e+03  2.88037e+01
  5270    172.715  7.81919e+02 -2.01396e+03 -1.23204e+03  2.85935e+01
  5280    172.260  7.79858e+02 -2.01403e+03 -1.23417e+03  2.84422e+01
  5290    171.625  7.76985e+02 -2.01389e+03 -1.23691e+03  2.83224e+01
  5300    170.822  7.73352e+02 -2.01314e+03 -1.23979e+03  2.82584e+01
  5310    169.873  7.69051e+02 -2.01196e+03 -1.24291e+03  2.82369e+01
  5320    168.803  7.64208e+02 -2.01070e+03 -1.24649e+03  2.82315e+01
  5330    167.641  7.58951e+02 -2.00901e+03 -1.25006e+03  2.82608e+01
  5340    166.415  7.53398e+02 -2.00707e+03 -1.25368e+03  2.83082e+01
  5350    165.143  7.47638e+02 -2.00483e+03 -1.25719e+03  2.83751e+01
  5360    163.836  7.41723e+02 -2.00296e+03 -1.26124e+03  2.84159e+01
  5370    162.506  7.35703e+02 -2.00103e+03 -1.26532e+03  2.84558e+01
  5380    161.166  7.29633e+02 -1.99948e+03 -1.26985e+03  2.84636e+01
  5390    159.832  7.23597e+02 -1.99805e+03 -1.27445e+03  2.84525e+01
  5400    158.530  7.17703e+02 -1.99679e+03 -1.27909e+03  2.84145e+01
  5410    157.281  7.12046e+02 -1.99580e+03 -1.28376e+03  2.83413e+01
  5420    156.098  7.06692e+02 -1.99496e+03 -1.28827e+03  2.82370e+01
  5430    154.991  7.01680e+02 -1.99456e+03 -1.29288e+03  2.80829e+01
  5440    153.966  6.97037e+02 -1.99447e+03 -1.29744e+03  2.78864e+01
  5450    153.025  6.92777e+02 -1.99497e+03 -1.30219e+03  2.76317e+01
  5460    152.167  6.88894e+02 -1.99584e+03 -1.30695e+03  2.73325e+01
  5470    151.381  6.85338e+02 -1.99684e+03 -1.31150e+03  2.70083e+01
  5480    150.644  6.82000e+02 -1.99803e+03 -1.31603e+03  2.66601e+01
  5490    149.924  6.78741e+02 -1.99956e+03 -1.32082e+03  2.62850e+01
  5500    149.193  6.75431e+02 -2.00081e+03 -1.32538e+03  2.59270e+01
  5510    148.431  6.71979e+02 -2.00197e+03 -1.32999e+03  2.55799e+01
  5520    147.628  6.68347e+02 -2.00276e+03 -1.33442e+03  2.52635e+01
  5530    146.786  6.64535e+02 -2.00327e+03 -1.33873e+03  2.49750e+01
  5540    145.912  6.60575e+02 -2.00356e+03 -1.34298e+03  2.47100e+01
  5550    145.016  6.56518e+02 -2.00382e+03 -1.34730e+03  2.44570e+01
  5560    144.113  6.52433e+02 -2.00401e+03 -1.35157e+03  2.42167e+01
  5570    143.228  6.48423e+02 -2.00422e+03 -1.35580e+03  2.39808e+01
  5580    142.386  6.44615e+02 -2.00456e+03 -1.35994e+03  2.37392e+01
  5590    141.621  6.41149e+02 -2.00483e+03 -1.36368e+03  2.34995e+01
  5600    140.953  6.38127e+02 -2.00557e+03 -1.36744e+03  2.32256e+01
  5610    140.391  6.35582e+02 -2.00672e+03 -1.37114e+03  2.29208e+01
  5620    139.924  6.33466e+02 -2.00844e+03 -1.37497e+03  2.25766e+01
  5630    139.525  6.31660e+02 -2.01029e+03 -1.37863e+03  2.22238e+01
  5640    139.162  6.30017e+02 -2.01186e+03 -1.38185e+03  2.18930e+01
  5650    138.802  6.28387e+02 -2.01345e+03 -1.38506e+03  2.15715e+01
  5660    138.418  6.26650e+02 -2.01475e+03 -1.38810e+03  2.12807e+01
  5670    137.996  6.24738e+02 -2.01571e+03 -1.39098e+03  2.10272e+01
  5680    137.534  6.22647e+02 -2.01646e+03 -1.39381e+03  2.08031e+01
  5690    137.045  6.20434e+02 -2.01705e+03 -1.39661e+03  2.06032e+01
  5700    136.550  6.18195e+02 -2.01730e+03 -1.39910e+03  2.04338e+01
  5710    136.079  6.16062e+02 -2.01767e+03 -1.40161e+03  2.02626e+01
  5720    135.665  6.14184e+02 -2.01820e+03 -1.40402e+03  2.00813e+01
  5730    135.339  6.12710e+02 -2.01885e+03 -1.40614e+03  1.98878e+01
  5740    135.132  6.11775e+02 -2.01977e+03 -1.40800e+03  1.96673e+01
  5750    135.062  6.11458e+02 -2.02132e+03 -1.40986e+03  1.93968e+01
  5760    135.127  6.11750e+02 -2.02331e+03 -1.41156e+03  1.90891e+01
  5770    135.300  6.12531e+02 -2.02559e+03 -1.41306e+03  1.87574e+01
  5780    135.541  6.13623e+02 -2.02797e+03 -1.41435e+03  1.84215e+01
  5790    135.805  6.14819e+02 -2.03052e+03 -1.41570e+03  1.80860e+01
  5800    136.052  6.15939e+02 -2.03290e+03 -1.41696e+03  1.77785e+01
  5810    136.249  6.16828e+02 -2.03467e+03 -1.41784e+03  1.75333e+01
  5820    136.365  6.17357e+02 -2.03615e+03 -1.41880e+03  1.73358e+01
  5830    136.378  6.17415e+02 -2.03691e+03 -1.41949e+03  1.72177e+01
  5840    136.271  6.16928e+02 -2.03703e+03 -1.42010e+03  1.71746e+01
  5850    136.040  6.15883e+02 -2.03646e+03 -1.42057e+03  1.72107e+01
  5860    135.701  6.14347e+02 -2.03513e+03 -1.42078e+03  1.73259e+01
  5870    135.284  6.12462e+02 -2.03332e+03 -1.42085e+03  1.74963e+01
  5880    134.838  6.10440e+02 -2.03130e+03 -1.42086e+03  1.76965e+01
  5890    134.416  6.08530e+02 -2.02906e+03 -1.42053e+03  1.79177e+01
  5900    134.071  6.06970e+02 -2.02727e+03 -1.42030e+03  1.81085e+01
  5910    133.848  6.05962e+02 -2.02587e+03 -1.41991e+03  1.82644e+01
  5920    133.781  6.05656e+02 -2.02465e+03 -1.41899e+03  1.83918e+01
  5930    133.892  6.06160e+02 -2.02426e+03 -1.41810e+03  1.84472e+01
  5940    134.197  6.07540e+02 -2.02465e+03 -1.41711e+03  1.84308e+01
  5950    134.700  6.09815e+02 -2.02572e+03 -1.41590e+03  1.83506e+01
  5960    135.387  6.12929e+02 -2.02726e+03 -1.41433e+03  1.82222e+01
  5970    136.227  6.16729e+02 -2.02973e+03 -1.41300e+03  1.80252e+01
  5980    137.165  6.20976e+02 -2.03219e+03 -1.41121e+03  1.78271e+01
  5990    138.140  6.25392e+02 -2.03478e+03 -1.40938e+03  1.76310e+01
  6000    139.096  6.29719e+02 -2.03721e+03 -1.40749e+03  1.74632e+01
  6010    139.992  6.33777e+02 -2.03907e+03 -1.40530e+03  1.73574e+01
  6020    140.807  6.37467e+02 -2.04042e+03 -1.40296e+03  1.73132e+01
  6030    141.537  6.40770e+02 -2.04135e+03 -1.40058e+03  1.73259e+01
  6040    142.188  6.43716e+02 -2.04189e+03 -1.39817e+03  1.73926e+01
  6050    142.776  6.46381e+02 -2.04206e+03 -1.39568e+03  1.75080e+01
  6060    143.322  6.48851e+02 -2.04195e+03 -1.39310e+03  1.76629e+01
  6070    143.848  6.51233e+02 -2.04185e+03 -1.39062e+03  1.78347e+01
  6080    144.376  6.53625e+02 -2.04144e+03 -1.38782e+03  1.80381e+01
  6090    144.924  6.56102e+02 -2.04090e+03 -1.38480e+03  1.82588e+01
  6100    145.494  6.58684e+02 -2.04048e+03 -1.38180e+03  1.84803e+01
  6110    146.078  6.61328e+02 -2.04002e+03 -1.37869e+03  1.87134e+01
  6120    146.653  6.63933e+02 -2.03962e+03 -1.37569e+03  1.89544e+01
  6130    147.196  6.66388e+02 -2.03902e+03 -1.37263e+03  1.92235e+01
  6140    147.683  6.68596e+02 -2.03797e+03 -1.36938e+03  1.95398e+01
  6150    148.102  6.70492e+02 -2.03686e+03 -1.36636e+03  1.98820e+01
  6160    148.448  6.72058e+02 -2.03530e+03 -1.36324e+03  2.02734e+01
  6170    148.729  6.73329e+02 -2.03342e+03 -1.36009e+03  2.07057e+01
  6180    148.960  6.74375e+02 -2.03137e+03 -1.35700e+03  2.11664e+01
  6190    149.164  6.75298e+02 -2.02905e+03 -1.35375e+03  2.16585e+01
  6200    149.367  6.76216e+02 -2.02650e+03 -1.35028e+03  2.21734e+01
  6210    149.590  6.77228e+02 -2.02427e+03 -1.34704e+03  2.26732e+01
  6220    149.847  6.78392e+02 -2.02249e+03 -1.34409e+03  2.31474e+01
  6230    150.134  6.79689e+02 -2.02042e+03 -1.34074e+03  2.36388e+01
  6240    150.428  6.81024e+02 -2.01857e+03 -1.33755e+03  2.41193e+01
  6250    150.696  6.82234e+02 -2.01647e+03 -1.33424e+03  2.46197e+01
  6260    150.899  6.83154e+02 -2.01421e+03 -1.33105e+03  2.51378e+01
  6270    151.015  6.83680e+02 -2.01143e+03 -1.32775e+03  2.56951e+01
  6280    151.046  6.83821e+02 -2.00828e+03 -1.32446e+03  2.62804e+01
  6290    151.023  6.83713e+02 -2.00483e+03 -1.32111e+03  2.68811e+01
  6300    150.999  6.83606e+02 -2.00126e+03 -1.31766e+03  2.74745e+01
  6310    151.048  6.83829e+02 -1.99826e+03 -1.31443e+03  2.80063e+01
  6320    151.243  6.84711e+02 -1.99599e+03 -1.31128e+03  2.84541e+01
  6330    151.639  6.86502e+02 -1.99455e+03 -1.30805e+03  2.88028e+01
  6340    152.253  6.89285e+02 -1.99409e+03 -1.30481e+03  2.90413e+01
  6350    153.058  6.92928e+02 -1.99430e+03 -1.30137e+03  2.91942e+01
  6360    153.982  6.97112e+02 -1.99533e+03 -1.29822e+03  2.92648e+01
  6370    154.931  7.01406e+02 -1.99629e+03 -1.29488e+03  2.93235e+01
  6380    155.811  7.05390e+02 -1.99679e+03 -1.29141e+03  2.94097e+01
  6390    156.553  7.08749e+02 -1.99693e+03 -1.28818e+03  2.95306e+01
  6400    157.124  7.11337e+02 -1.99643e+03 -1.28509e+03  2.97080e+01
  6410    157.526  7.13155e+02 -1.99550e+03 -1.28235e+03  2.99304e+01
  6420    157.783  7.14318e+02 -1.99351e+03 -1.27920e+03  3.02318e+01
  6430    157.929  7.14980e+02 -1.99143e+03 -1.27645e+03  3.05469e+01
  6440    158.000  7.15303e+02 -1.98899e+03 -1.27368e+03  3.08856e+01
  6450    158.032  7.15447e+02 -1.98631e+03 -1.27087e+03  3.12319e+01
  6460    158.064  7.15590e+02 -1.98395e+03 -1.26836e+03  3.15445e+01
  6470    158.143  7.15949e+02 -1.98166e+03 -1.26571e+03  3.18293e+01
  6480    158.327  7.16780e+02 -1.98025e+03 -1.26347e+03  3.20267e+01
  6490    158.669  7.18332e+02 -1.97960e+03 -1.26127e+03  3.21364e+01
  6500    159.211  7.20785e+02 -1.97987e+03 -1.25909e+03  3.21429e+01
  6510    159.962  7.24182e+02 -1.98124e+03 -1.25706e+03  3.20343e+01
  6520    160.892  7.28396e+02 -1.98342e+03 -1.25502e+03  3.18349e+01
  6530    161.940  7.33139e+02 -1.98654e+03 -1.25341e+03  3.15469e+01
  6540    163.020  7.38027e+02 -1.98999e+03 -1.25196e+03  3.12234e+01
  6550    164.043  7.42660e+02 -1.99322e+03 -1.25056e+03  3.09113e+01
  6560    164.936  7.46701e+02 -1.99573e+03 -1.24903e+03  3.06554e+01
  6570    165.643  7.49903e+02 -1.99760e+03 -1.24769e+03  3.04598e+01
  6580    166.132  7.52117e+02 -1.99884e+03 -1.24672e+03  3.03285e+01
  6590    166.394  7.53301e+02 -1.99918e+03 -1.24588e+03  3.02815e+01
  6600    166.435  7.53489e+02 -1.99892e+03 -1.24543e+03  3.02978e+01
  6610    166.278  7.52776e+02 -1.99776e+03 -1.24499e+03  3.03923e+01
  6620    165.953  7.51305e+02 -1.99609e+03 -1.24479e+03  3.05355e+01
  6630    165.498  7.49245e+02 -1.99409e+03 -1.24485e+03  3.07088e+01
  6640    164.954  7.46785e+02 -1.99192e+03 -1.24514e+03  3.08943e+01
  6650    164.365  7.44119e+02 -1.98979e+03 -1.24567e+03  3.10710e+01
  6660    163.777  7.41454e+02 -1.98762e+03 -1.24616e+03  3.12352e+01
  6670    163.236  7.39006e+02 -1.98586e+03 -1.24686e+03  3.13491e+01
  6680    162.794  7.37007e+02 -1.98480e+03 -1.24779e+03  3.13872e+01
  6690    162.500  7.35672e+02 -1.98435e+03 -1.24868e+03  3.13457e+01
  6700    162.381  7.35136e+02 -1.98479e+03 -1.24966e+03  3.12030e+01
  6710    162.433  7.35369e+02 -1.98632e+03 -1.25095e+03  3.09485e+01
  6720    162.603  7.36142e+02 -1.98857e+03 -1.25243e+03  3.06118e+01
  6730    162.808  7.37069e+02 -1.99115e+03 -1.25408e+03  3.02314e+01
  6740    162.953  7.37723e+02 -1.99374e+03 -1.25602e+03  2.98429e+01
  6750    162.960  7.37755e+02 -1.99568e+03 -1.25793e+03  2.94995e+01
  6760    162.787  7.36971e+02 -1.99719e+03 -1.26022e+03  2.91973e+01
  6770    162.428  7.35350e+02 -1.99795e+03 -1.26260e+03  2.89582e+01
  6780    161.913  7.33016e+02 -1.99796e+03 -1.26494e+03  2.87804e+01
  6790    161.291  7.30200e+02 -1.99768e+03 -1.26748e+03  2.86300e+01
  6800    160.618  7.27153e+02 -1.99729e+03 -1.27014e+03  2.84886e+01
  6810    159.942  7.24093e+02 -1.99711e+03 -1.27302e+03  2.83313e+01
  6820    159.289  7.21136e+02 -1.99696e+03 -1.27583e+03  2.81653e+01
  6830    158.658  7.18280e+02 -1.99711e+03 -1.27883e+03  2.79743e+01
  6840    158.030  7.15439e+02 -1.99748e+03 -1.28204e+03  2.77658e+01
  6850    157.385  7.12516e+02 -1.99770e+03 -1.28518e+03  2.75665e+01
  6860    156.717  7.09495e+02 -1.99774e+03 -1.28825e+03  2.73776e+01
  6870    156.053  7.06489e+02 -1.99801e+03 -1.29152e+03  2.71726e+01
  6880    155.438  7.03702e+02 -1.99843e+03 -1.29473e+03  2.69499e+01
  6890    154.914  7.01332e+02 -1.99938e+03 -1.29805e+03  2.66811e+01
  6900    154.502  6.99465e+02 -2.00088e+03 -1.30141e+03  2.63635e+01
  6910    154.183  6.98021e+02 -2.00298e+03 -1.30496e+03  2.59971e+01
  6920    153.907  6.96770e+02 -2.00514e+03 -1.30837e+03  2.56249e+01
  6930    153.601  6.95385e+02 -2.00736e+03 -1.31197e+03  2.52576e+01
  6940    153.194  6.93543e+02 -2.00901e+03 -1.31547e+03  2.49455e+01
  6950    152.631  6.90997e+02 -2.01001e+03 -1.31901e+03  2.47032e+01
  6960    151.892  6.87650e+02 -2.01055e+03 -1.32290e+03  2.45211e+01
  6970    150.995  6.83590e+02 -2.01021e+03 -1.32662e+03  2.44237e+01
  6980    149.997  6.79068e+02 -2.00913e+03 -1.33006e+03  2.43926e+01
  6990    148.974  6.74440e+02 -2.00842e+03 -1.33398e+03  2.43475e+01
  7000    148.007  6.70060e+02 -2.00745e+03 -1.33739e+03  2.43133e+01
  7010    147.151  6.66185e+02 -2.00705e+03 -1.34087e+03  2.42307e+01
  7020    146.426  6.62901e+02 -2.00707e+03 -1.34417e+03  2.41034e+01
  7030    145.815  6.60136e+02 -2.00793e+03 -1.34779e+03  2.39064e+01
  7040    145.278  6.57704e+02 -2.00888e+03 -1.35118e+03  2.36900e+01
  7050    144.768  6.55397e+02 -2.00981e+03 -1.35442e+03  2.34670e+01
  7060    144.251  6.53056e+02 -2.01080e+03 -1.35775e+03  2.32374e+01
  7070    143.709  6.50605e+02 -2.01153e+03 -1.36092e+03  2.30232e+01
  7080    143.147  6.48058e+02 -2.01209e+03 -1.36403e+03  2.28167e+01
  7090    142.586  6.45517e+02 -2.01266e+03 -1.36714e+03  2.26049e+01
  7100    142.059  6.43133e+02 -2.01306e+03 -1.36993e+03  2.23916e+01
  7110    141.606  6.41083e+02 -2.01387e+03 -1.37279e+03  2.21367e+01
  7120    141.258  6.39506e+02 -2.01495e+03 -1.37544e+03  2.18426e+01
  7130    141.031  6.38477e+02 -2.01616e+03 -1.37768e+03  2.15160e+01
  7140    140.923  6.37989e+02 -2.01801e+03 -1.38002e+03  2.11256e+01
  7150    140.922  6.37986e+02 -2.02048e+03 -1.38250e+03  2.06743e+01
  7160    141.017  6.38418e+02 -2.02330e+03 -1.38488e+03  2.01822e+01
  7170    141.207  6.39275e+02 -2.02642e+03 -1.38715e+03  1.96533e+01
  7180    141.492  6.40567e+02 -2.02979e+03 -1.38922e+03  1.90936e+01
  7190    141.868  6.42269e+02 -2.03342e+03 -1.39115e+03  1.85057e+01
  7200    142.311  6.44272e+02 -2.03769e+03 -1.39342e+03  1.78728e+01
  7210    142.775  6.46372e+02 -2.04164e+03 -1.39527e+03  1.72637e+01
  7220    143.204  6.48318e+02 -2.04542e+03 -1.39710e+03  1.66806e+01
  7230    143.548  6.49872e+02 -2.04867e+03 -1.39880e+03  1.61563e+01
  7240    143.764  6.50854e+02 -2.05113e+03 -1.40028e+03  1.57169e+01
  7250    143.832  6.51161e+02 -2.05309e+03 -1.40192e+03  1.53504e+01
  7260    143.741  6.50747e+02 -2.05411e+03 -1.40336e+03  1.50867e+01
  7270    143.492  6.49619e+02 -2.05445e+03 -1.40483e+03  1.49118e+01
  7280    143.096  6.47828e+02 -2.05391e+03 -1.40608e+03  1.48366e+01
  7290    142.575  6.45468e+02 -2.05298e+03 -1.40752e+03  1.48281e+01
  7300    141.958  6.42678e+02 -2.05136e+03 -1.40868e+03  1.48996e+01
  7310    141.287  6.39639e+02 -2.04963e+03 -1.41000e+03  1.50072e+01
  7320    140.608  6.36563e+02 -2.04751e+03 -1.41095e+03  1.51605e+01
  7330    139.967  6.33664e+02 -2.04532e+03 -1.41166e+03  1.53308e+01
  7340    139.405  6.31120e+02 -2.04339e+03 -1.41227e+03  1.54900e+01
  7350    138.948  6.29047e+02 -2.04186e+03 -1.41281e+03  1.56245e+01
  7360    138.604  6.27491e+02 -2.04085e+03 -1.41336e+03  1.57240e+01
  7370    138.369  6.26429e+02 -2.03995e+03 -1.41352e+03  1.58136e+01
  7380    138.226  6.25781e+02 -2.03948e+03 -1.41370e+03  1.58756e+01
  7390    138.148  6.25428e+02 -2.03926e+03 -1.41383e+03  1.59247e+01
  7400    138.106  6.25236e+02 -2.03902e+03 -1.41378e+03  1.59824e+01
  7410    138.069  6.25071e+02 -2.03865e+03 -1.41358e+03  1.60589e+01
  7420    138.016  6.24830e+02 -2.03837e+03 -1.41354e+03  1.61458e+01
  7430    137.934  6.24457e+02 -2.03753e+03 -1.41307e+03  1.62839e+01
  7440    137.823  6.23958e+02 -2.03638e+03 -1.41242e+03  1.64572e+01
  7450    137.701  6.23404e+02 -2.03516e+03 -1.41176e+03  1.66479e+01
  7460    137.591  6.22905e+02 -2.03395e+03 -1.41104e+03  1.68473e+01
  7470    137.519  6.22579e+02 -2.03290e+03 -1.41032e+03  1.70413e+01
  7480    137.503  6.22506e+02 -2.03202e+03 -1.40951e+03  1.72265e+01
  7490    137.544  6.22693e+02 -2.03102e+03 -1.40833e+03  1.74187e+01
  7500    137.627  6.23067e+02 -2.02996e+03 -1.40690e+03  1.76161e+01
  7510    137.724  6.23509e+02 -2.02914e+03 -1.40563e+03  1.78030e+01
  7520    137.816  6.23923e+02 -2.02800e+03 -1.40408e+03  1.80152e+01
  7530    137.899  6.24299e+02 -2.02659e+03 -1.40229e+03  1.82489e+01
  7540    137.998  6.24750e+02 -2.02537e+03 -1.40062e+03  1.84720e+01
  7550    138.164  6.25497e+02 -2.02422e+03 -1.39872e+03  1.86838e+01
  7560    138.455  6.26819e+02 -2.02351e+03 -1.39669e+03  1.88522e+01
  7570    138.929  6.28964e+02 -2.02344e+03 -1.39448e+03  1.89582e+01
  7580    139.615  6.32067e+02 -2.02450e+03 -1.39244e+03  1.89682e+01
  7590    140.503  6.36088e+02 -2.02612e+03 -1.39003e+03  1.89206e+01
  7600    141.548  6.40820e+02 -2.02834e+03 -1.38752e+03  1.88203e+01
  7610    142.680  6.45944e+02 -2.03105e+03 -1.38511e+03  1.86876e+01
  7620    143.821  6.51111e+02 -2.03328e+03 -1.38217e+03  1.85954e+01
  7630    144.902  6.56003e+02 -2.03538e+03 -1.37938e+03  1.85338e+01
  7640    145.870  6.60385e+02 -2.03676e+03 -1.37637e+03  1.85496e+01
  7650    146.692  6.64106e+02 -2.03737e+03 -1.37326e+03  1.86507e+01
  7660    147.353  6.67098e+02 -2.03719e+03 -1.37010e+03  1.88409e+01
  7670    147.850  6.69348e+02 -2.03630e+03 -1.36695e+03  1.91161e+01
  7680    148.196  6.70915e+02 -2.03498e+03 -1.36407e+03  1.94541e+01
  7690    148.425  6.71954e+02 -2.03285e+03 -1.36089e+03  1.98720e+01
  7700    148.600  6.72744e+02 -2.03043e+03 -1.35768e+03  2.03267e+01
  7710    148.799  6.73647e+02 -2.02817e+03 -1.35453e+03  2.07763e+01
  7720    149.094  6.74983e+02 -2.02637e+03 -1.35139e+03  2.11920e+01
  7730    149.512  6.76872e+02 -2.02509e+03 -1.34822e+03  2.15644e+01
  7740    150.024  6.79193e+02 -2.02420e+03 -1.34501e+03  2.19035e+01
  7750    150.573  6.81677e+02 -2.02326e+03 -1.34158e+03  2.22435e+01
  7760    151.105  6.84086e+02 -2.02244e+03 -1.33835e+03  2.25804e+01
  7770    151.601  6.86331e+02 -2.02135e+03 -1.33502e+03  2.29398e+01
  7780    152.076  6.88480e+02 -2.01999e+03 -1.33151e+03  2.33195e+01
  7790    152.565  6.90698e+02 -2.01884e+03 -1.32814e+03  2.36860e+01
  7800    153.104  6.93137e+02 -2.01830e+03 -1.32517e+03  2.40091e+01
  7810    153.702  6.95845e+02 -2.01786e+03 -1.32201e+03  2.43202e+01
  7820    154.335  6.98709e+02 -2.01734e+03 -1.31863e+03  2.46333e+01
  7830    154.947  7.01478e+02 -2.01680e+03 -1.31532e+03  2.49537e+01
  7840    155.465  7.03826e+02 -2.01594e+03 -1.31212e+03  2.53102e+01
  7850    155.825  7.05455e+02 -2.01462e+03 -1.30917e+03  2.57214e+01
  7860    155.980  7.06158e+02 -2.01242e+03 -1.30626e+03  2.62192e+01
  7870    155.913  7.05854e+02 -2.00911e+03 -1.30326e+03  2.68183e+01
  7880    155.632  7.04582e+02 -2.00475e+03 -1.30017e+03  2.75136e+01
  7890    155.164  7.02464e+02 -1.99979e+03 -1.29733e+03  2.82701e+01
  7900    154.552  6.99691e+02 -1.99425e+03 -1.29456e+03  2.90773e+01
  7910    153.853  6.96527e+02 -1.98835e+03 -1.29183e+03  2.99086e+01
  7920    153.137  6.93286e+02 -1.98248e+03 -1.28919e+03  3.07270e+01
  7930    152.484  6.90330e+02 -1.97700e+03 -1.28667e+03  3.14934e+01
  7940    151.980  6.88046e+02 -1.97237e+03 -1.28432e+03  3.21640e+01
  7950    151.700  6.86778e+02 -1.96864e+03 -1.28186e+03  3.27215e+01
  7960    151.699  6.86778e+02 -1.96643e+03 -1.27966e+03  3.31172e+01
  7970    152.005  6.88161e+02 -1.96507e+03 -1.27691e+03  3.33883e+01
  7980    152.610  6.90898e+02 -1.96518e+03 -1.27428e+03  3.34971e+01
  7990    153.478  6.94830e+02 -1.96643e+03 -1.27160e+03  3.34685e+01
  8000    154.555  6.99704e+02 -1.96898e+03 -1.26927e+03  3.33041e+01
  8010    155.771  7.05210e+02 -1.97201e+03 -1.26680e+03  3.30659e+01
  8020    157.048  7.10991e+02 -1.97534e+03 -1.26435e+03  3.27796e+01
  8030    158.303  7.16674e+02 -1.97900e+03 -1.26233e+03  3.24588e+01
  8040    159.457  7.21897e+02 -1.98220e+03 -1.26030e+03  3.21664e+01
  8050    160.441  7.26353e+02 -1.98469e+03 -1.25834e+03  3.19301e+01
  8060    161.210  7.29832e+02 -1.98622e+03 -1.25638e+03  3.17743e+01
  8070    161.745  7.32254e+02 -1.98687e+03 -1.25462e+03  3.16966e+01
  8080    162.062  7.33689e+02 -1.98652e+03 -1.25283e+03  3.17043e+01
  8090    162.201  7.34321e+02 -1.98574e+03 -1.25142e+03  3.17549e+01
  8100    162.220  7.34408e+02 -1.98465e+03 -1.25025e+03  3.18331e+01
  8110    162.182  7.34233e+02 -1.98329e+03 -1.24906e+03  3.19260e+01
  8120    162.141  7.34050e+02 -1.98216e+03 -1.24811e+03  3.19920e+01
  8130    162.147  7.34074e+02 -1.98143e+03 -1.24736e+03  3.20135e+01
  8140    162.233  7.34465e+02 -1.98105e+03 -1.24659e+03  3.19868e+01
  8150    162.421  7.35315e+02 -1.98140e+03 -1.24609e+03  3.18849e+01
  8160    162.717  7.36657e+02 -1.98217e+03 -1.24551e+03  3.17256e+01
  8170    163.114  7.38454e+02 -1.98359e+03 -1.24514e+03  3.14965e+01
  8180    163.589  7.40606e+02 -1.98566e+03 -1.24506e+03  3.12011e+01
  8190    164.113  7.42977e+02 -1.98808e+03 -1.24511e+03  3.08641e+01
  8200    164.650  7.45407e+02 -1.99073e+03 -1.24533e+03  3.04992e+01
  8210    165.160  7.47719e+02 -1.99353e+03 -1.24581e+03  3.01192e+01
  8220    165.604  7.49727e+02 -1.99627e+03 -1.24654e+03  2.97438e+01
  8230    165.941  7.51253e+02 -1.99854e+03 -1.24728e+03  2.94065e+01
  8240    166.133  7.52120e+02 -2.00033e+03 -1.24821e+03  2.91152e+01
  8250    166.144  7.52171e+02 -2.00150e+03 -1.24933e+03  2.88845e+01
  8260    165.947  7.51281e+02 -2.00190e+03 -1.25061e+03  2.87299e+01
  8270    165.524  7.49364e+02 -2.00140e+03 -1.25203e+03  2.86612e+01
  8280    164.869  7.46399e+02 -2.00000e+03 -1.25360e+03  2.86798e+01
  8290    163.994  7.42438e+02 -1.99798e+03 -1.25554e+03  2.87660e+01
  8300    162.933  7.37636e+02 -1.99533e+03 -1.25770e+03  2.89141e+01
  8310    161.743  7.32246e+02 -1.99219e+03 -1.25994e+03  2.91080e+01
  8320    160.492  7.26582e+02 -1.98897e+03 -1.26239e+03  2.93096e+01
  8330    159.254  7.20980e+02 -1.98558e+03 -1.26460e+03  2.95135e+01
  8340    158.094  7.15727e+02 -1.98283e+03 -1.26711e+03  2.96601e+01
  8350    157.048  7.10993e+02 -1.98064e+03 -1.26965e+03  2.97483e+01
  8360    156.128  7.06825e+02 -1.97902e+03 -1.27220e+03  2.97756e+01
  8370    155.317  7.03153e+02 -1.97809e+03 -1.27494e+03  2.97370e+01
  8380    154.586  6.99846e+02 -1.97774e+03 -1.27789e+03  2.96446e+01
  8390    153.905  6.96764e+02 -1.97745e+03 -1.28068e+03  2.95355e+01
  8400    153.245  6.93775e+02 -1.97742e+03 -1.28364e+03  2.94031e+01
  8410    152.579  6.90759e+02 -1.97729e+03 -1.28653e+03  2.92754e+01
  8420    151.883  6.87610e+02 -1.97692e+03 -1.28931e+03  2.91656e+01
  8430    151.135  6.84224e+02 -1.97654e+03 -1.29232e+03  2.90648e+01
  8440    150.311  6.80493e+02 -1.97540e+03 -1.29490e+03  2.90238e+01
  8450    149.390  6.76322e+02 -1.97403e+03 -1.29771e+03  2.90118e+01
  8460    148.358  6.71652e+02 -1.97205e+03 -1.30039e+03  2.90552e+01
  8470    147.218  6.66488e+02 -1.96966e+03 -1.30318e+03  2.91385e+01
  8480    145.987  6.60918e+02 -1.96692e+03 -1.30600e+03  2.92551e+01
  8490    144.708  6.55123e+02 -1.96372e+03 -1.30860e+03  2.94017e+01
  8500    143.443  6.49399e+02 -1.96060e+03 -1.31120e+03  2.95334e+01
  8510    142.281  6.44139e+02 -1.95782e+03 -1.31368e+03  2.96169e+01
  8520    141.320  6.39787e+02 -1.95580e+03 -1.31602e+03  2.96092e+01
  8530    140.654  6.36771e+02 -1.95520e+03 -1.31843e+03  2.94549e+01
  8540    140.354  6.35413e+02 -1.95605e+03 -1.32063e+03  2.91396e+01
  8550    140.452  6.35857e+02 -1.95843e+03 -1.32257e+03  2.86526e+01
  8560    140.939  6.38063e+02 -1.96266e+03 -1.32459e+03  2.79773e+01
  8570    141.768  6.41816e+02 -1.96828e+03 -1.32647e+03  2.71500e+01
  8580    142.865  6.46780e+02 -1.97512e+03 -1.32834e+03  2.61964e+01
  8590    144.137  6.52540e+02 -1.98275e+03 -1.33021e+03  2.51600e+01
  8600    145.487  6.58652e+02 -1.99053e+03 -1.33188e+03  2.40998e+01
  8610    146.822  6.64694e+02 -1.99820e+03 -1.33350e+03  2.30498e+01
  8620    148.059  6.70296e+02 -2.00528e+03 -1.33499e+03  2.20564e+01
  8630    149.134  6.75163e+02 -2.01146e+03 -1.33630e+03  2.11528e+01
  8640    150.005  6.79105e+02 -2.01700e+03 -1.33789e+03  2.03328e+01
  8650    150.652  6.82038e+02 -2.02145e+03 -1.33941e+03  1.96291e+01
  8660    151.079  6.83967e+02 -2.02513e+03 -1.34116e+03  1.90244e+01
  8670    151.300  6.84967e+02 -2.02796e+03 -1.34299e+03  1.85229e+01
  8680    151.337  6.85139e+02 -2.02979e+03 -1.34465e+03  1.81303e+01
  8690    151.216  6.84587e+02 -2.03097e+03 -1.34638e+03  1.78223e+01
  8700    150.954  6.83401e+02 -2.03142e+03 -1.34802e+03  1.76000e+01
  8710    150.569  6.81659e+02 -2.03129e+03 -1.34963e+03  1.74512e+01
  8720    150.083  6.79459e+02 -2.03088e+03 -1.35142e+03  1.73526e+01
  8730    149.521  6.76917e+02 -2.03014e+03 -1.35322e+03  1.73026e+01
  8740    148.912  6.74159e+02 -2.02903e+03 -1.35487e+03  1.72985e+01
  8750    148.279  6.71294e+02 -2.02789e+03 -1.35660e+03  1.73144e+01
  8760    147.639  6.68396e+02 -2.02671e+03 -1.35832e+03  1.73482e+01
  8770    146.994  6.65475e+02 -2.02528e+03 -1.35980e+03  1.74118e+01
  8780    146.334  6.62486e+02 -2.02387e+03 -1.36138e+03  1.74880e+01
  8790    145.640  6.59346e+02 -2.02228e+03 -1.36294e+03  1.75912e+01
  8800    144.895  6.55971e+02 -2.02028e+03 -1.36431e+03  1.77372e+01
  8810    144.086  6.52311e+02 -2.01802e+03 -1.36571e+03  1.79169e+01
  8820    143.224  6.48407e+02 -2.01541e+03 -1.36700e+03  1.81313e+01
  8830    142.344  6.44423e+02 -2.01260e+03 -1.36818e+03  1.83651e+01
  8840    141.512  6.40658e+02 -2.00998e+03 -1.36932e+03  1.85826e+01
  8850    140.817  6.37511e+02 -2.00802e+03 -1.37051e+03  1.87400e+01
  8860    140.355  6.35418e+02 -2.00677e+03 -1.37136e+03  1.88192e+01
  8870    140.206  6.34746e+02 -2.00708e+03 -1.37234e+03  1.87568e+01
  8880    140.414  6.35685e+02 -2.00857e+03 -1.37289e+03  1.85703e+01
  8890    140.966  6.38186e+02 -2.01159e+03 -1.37340e+03  1.82427e+01
  8900    141.796  6.41941e+02 -2.01586e+03 -1.37392e+03  1.78030e+01
  8910    142.787  6.46428e+02 -2.02074e+03 -1.37432e+03  1.73118e+01
  8920    143.802  6.51024e+02 -2.02554e+03 -1.37451e+03  1.68359e+01
  8930    144.711  6.55137e+02 -2.02996e+03 -1.37482e+03  1.64156e+01
  8940    145.414  6.58324e+02 -2.03332e+03 -1.37499e+03  1.61123e+01
  8950    145.856  6.60322e+02 -2.03530e+03 -1.37497e+03  1.59570e+01
  8960    146.017  6.61050e+02 -2.03634e+03 -1.37529e+03  1.59274e+01
  8970    145.909  6.60565e+02 -2.03594e+03 -1.37538e+03  1.60533e+01
  8980    145.569  6.59022e+02 -2.03436e+03 -1.37534e+03  1.63138e+01
  8990    145.038  6.56621e+02 -2.03191e+03 -1.37529e+03  1.66816e+01
  9000    144.367  6.53582e+02 -2.02881e+03 -1.37522e+03  1.71341e+01
  9010    143.601  6.50113e+02 -2.02497e+03 -1.37485e+03  1.76660e+01
  9020    142.784  6.46417e+02 -2.02122e+03 -1.37480e+03  1.82173e+01
  9030    141.961  6.42689e+02 -2.01731e+03 -1.37462e+03  1.87921e+01
  9040    141.174  6.39125e+02 -2.01339e+03 -1.37426e+03  1.93726e+01
  9050    140.466  6.35920e+02 -2.00979e+03 -1.37387e+03  1.99276e+01
  9060    139.875  6.33246e+02 -2.00670e+03 -1.37346e+03  2.04373e+01
  9070    139.427  6.31218e+02 -2.00373e+03 -1.37251e+03  2.09194e+01
  9080    139.130  6.29871e+02 -2.00145e+03 -1.37158e+03  2.13352e+01
  9090    138.976  6.29174e+02 -1.99977e+03 -1.37060e+03  2.16894e+01
  9100    138.949  6.29055e+02 -1.99861e+03 -1.36956e+03  2.19873e+01
  9110    139.036  6.29449e+02 -1.99789e+03 -1.36844e+03  2.22355e+01
  9120    139.227  6.30312e+02 -1.99741e+03 -1.36710e+03  2.24462e+01
  9130    139.522  6.31648e+02 -1.99738e+03 -1.36573e+03  2.26083e+01
  9140    139.929  6.33488e+02 -1.99775e+03 -1.36426e+03  2.27230e+01
  9150    140.458  6.35886e+02 -1.99854e+03 -1.36266e+03  2.27892e+01
  9160    141.115  6.38859e+02 -1.99979e+03 -1.36093e+03  2.28071e+01
  9170    141.883  6.42335e+02 -2.00143e+03 -1.35909e+03  2.27844e+01
  9180    142.718  6.46115e+02 -2.00323e+03 -1.35712e+03  2.27439e+01
  9190    143.555  6.49906e+02 -2.00492e+03 -1.35501e+03  2.27145e+01
  9200    144.328  6.53404e+02 -2.00639e+03 -1.35298e+03  2.27128e+01
  9210    144.987  6.56389e+02 -2.00741e+03 -1.35102e+03  2.27613e+01
  9220    145.511  6.58763e+02 -2.00750e+03 -1.34874e+03  2.28936e+01
  9230    145.906  6.60548e+02 -2.00702e+03 -1.34647e+03  2.30858e+01
  9240    146.195  6.61857e+02 -2.00607e+03 -1.34421e+03  2.33276e+01
  9250    146.415  6.62854e+02 -2.00484e+03 -1.34199e+03  2.36004e+01
  9260    146.609  6.63731e+02 -2.00335e+03 -1.33962e+03  2.38959e+01
  9270    146.817  6.64673e+02 -2.00206e+03 -1.33739e+03  2.41772e+01
  9280    147.074  6.65838e+02 -2.00077e+03 -1.33494e+03  2.44499e+01
  9290    147.406  6.67341e+02 -1.99955e+03 -1.33220e+03  2.47051e+01
  9300    147.824  6.69235e+02 -1.99857e+03 -1.32934e+03  2.49285e+01
  9310    148.325  6.71501e+02 -1.99826e+03 -1.32675e+03  2.50948e+01
  9320    148.893  6.74074e+02 -1.99830e+03 -1.32422e+03  2.52248e+01
  9330    149.510  6.76864e+02 -1.99855e+03 -1.32169e+03  2.53305e+01
  9340    150.155  6.79787e+02 -1.99866e+03 -1.31887e+03  2.54369e+01
  9350    150.821  6.82799e+02 -1.99919e+03 -1.31639e+03  2.55116e+01
  9360    151.505  6.85899e+02 -1.99944e+03 -1.31354e+03  2.55980e+01
  9370    152.216  6.89115e+02 -1.99995e+03 -1.31083e+03  2.56634e+01
  9380    152.956  6.92467e+02 -2.00054e+03 -1.30808e+03  2.57191e+01
  9390    153.721  6.95931e+02 -2.00115e+03 -1.30522e+03  2.57722e+01
  9400    154.488  6.99403e+02 -2.00179e+03 -1.30239e+03  2.58263e+01
  9410    155.221  7.02722e+02 -2.00260e+03 -1.29988e+03  2.58805e+01
  9420    155.880  7.05703e+02 -2.00324e+03 -1.29754e+03  2.59628e+01
  9430    156.429  7.08190e+02 -2.00337e+03 -1.29518e+03  2.61011e+01
  9440    156.847  7.10081e+02 -2.00280e+03 -1.29272e+03  2.63108e+01
  9450    157.117  7.11305e+02 -2.00182e+03 -1.29052e+03  2.65776e+01
  9460    157.231  7.11819e+02 -1.99981e+03 -1.28799e+03  2.69408e+01
  9470    157.185  7.11612e+02 -1.99742e+03 -1.28581e+03  2.73594e+01
  9480    156.993  7.10745e+02 -1.99448e+03 -1.28374e+03  2.78406e+01
  9490    156.686  7.09355e+02 -1.99104e+03 -1.28168e+03  2.83738e+01
  9500    156.309  7.07647e+02 -1.98724e+03 -1.27960e+03  2.89407e+01
  9510    155.912  7.05850e+02 -1.98355e+03 -1.27770e+03  2.95023e+01
  9520    155.543  7.04179e+02 -1.98008e+03 -1.27590e+03  3.00414e+01
  9530    155.243  7.02819e+02 -1.97705e+03 -1.27423e+03  3.05350e+01
  9540    155.043  7.01917e+02 -1.97442e+03 -1.27250e+03  3.09773e+01
  9550    154.971  7.01587e+02 -1.97258e+03 -1.27099e+03  3.13380e+01
  9560    155.040  7.01903e+02 -1.97164e+03 -1.26974e+03  3.16061e+01
  9570    155.255  7.02873e+02 -1.97101e+03 -1.26814e+03  3.18161e+01
  9580    155.599  7.04429e+02 -1.97103e+03 -1.26660e+03  3.19484e+01
  9590    156.038  7.06421e+02 -1.97174e+03 -1.26532e+03  3.20039e+01
  9600    156.526  7.08627e+02 -1.97254e+03 -1.26391e+03  3.20268e+01
  9610    157.006  7.10803e+02 -1.97325e+03 -1.26245e+03  3.20340e+01
  9620    157.436  7.12749e+02 -1.97427e+03 -1.26152e+03  3.20069e+01
  9630    157.797  7.14382e+02 -1.97490e+03 -1.26052e+03  3.19902e+01
  9640    158.106  7.15781e+02 -1.97535e+03 -1.25957e+03  3.19678e+01
  9650    158.413  7.17172e+02 -1.97588e+03 -1.25871e+03  3.19150e+01
  9660    158.789  7.18872e+02 -1.97656e+03 -1.25769e+03  3.18172e+01
  9670    159.300  7.21188e+02 -1.97806e+03 -1.25687e+03  3.16238e+01
  9680    159.990  7.24312e+02 -1.98059e+03 -1.25628e+03  3.13153e+01
  9690    160.867  7.28283e+02 -1.98423e+03 -1.25595e+03  3.08880e+01
  9700    161.902  7.32965e+02 -1.98862e+03 -1.25566e+03  3.03691e+01
  9710    163.033  7.38089e+02 -1.99326e+03 -1.25517e+03  2.98014e+01
  9720    164.183  7.43294e+02 -1.99832e+03 -1.25503e+03  2.91891e+01
  9730    165.263  7.48183e+02 -2.00320e+03 -1.25502e+03  2.85854e+01
  9740    166.191  7.52383e+02 -2.00774e+03 -1.25535e+03  2.80160e+01
  9750    166.900  7.55596e+02 -2.01189e+03 -1.25630e+03  2.74969e+01
  9760    167.351  7.57634e+02 -2.01468e+03 -1.25705e+03  2.70974e+01
  9770    167.530  7.58447e+02 -2.01653e+03 -1.25808e+03  2.67960e+01
  9780    167.456  7.58109e+02 -2.01740e+03 -1.25930e+03  2.65939e+01
  9790    167.159  7.56765e+02 -2.01727e+03 -1.26050e+03  2.64901e+01
  9800    166.673  7.54568e+02 -2.01681e+03 -1.26225e+03  2.64383e+01
  9810    166.018  7.51602e+02 -2.01555e+03 -1.26395e+03  2.64650e+01
  9820    165.197  7.47884e+02 -2.01384e+03 -1.26596e+03  2.65473e+01
  9830    164.200  7.43370e+02 -2.01166e+03 -1.26829e+03  2.66870e+01
  9840    163.021  7.38034e+02 -2.00883e+03 -1.27080e+03  2.68928e+01
  9850    161.673  7.31932e+02 -2.00538e+03 -1.27344e+03  2.71592e+01
  9860    160.193  7.25231e+02 -2.00132e+03 -1.27609e+03  2.74768e+01
  9870    158.640  7.18200e+02 -1.99709e+03 -1.27889e+03  2.78082e+01
  9880    157.083  7.11151e+02 -1.99278e+03 -1.28163e+03  2.81343e+01
  9890    155.592  7.04399e+02 -1.98884e+03 -1.28444e+03  2.84146e+01
  9900    154.222  6.98197e+02 -1.98571e+03 -1.28751e+03  2.86118e+01
  9910    153.008  6.92702e+02 -1.98290e+03 -1.29020e+03  2.87486e+01
  9920    151.963  6.87972e+02 -1.98106e+03 -1.29309e+03  2.87830e+01
  9930    151.086  6.84000e+02 -1.98003e+03 -1.29603e+03  2.87232e+01
  9940    150.367  6.80746e+02 -1.97942e+03 -1.29868e+03  2.85953e+01
  9950    149.802  6.78185e+02 -1.97963e+03 -1.30145e+03  2.83758e+01
  9960    149.392  6.76330e+02 -1.98072e+03 -1.30439e+03  2.80624e+01
  9970    149.148  6.75229e+02 -1.98248e+03 -1.30726e+03  2.76675e+01
  9980    149.082  6.74927e+02 -1.98499e+03 -1.31007e+03  2.71877e+01
  9990    149.191  6.75419e+02 -1.98833e+03 -1.31291e+03  2.66209e+01
