Step    T(K)    KE(kJ)    PE(kJ)    TotE(kJ)    P(MPa)
     0      0.300  1.35750e+00 -1.63102e+03 -1.62966e+03  1.97263e+02
    10      0.600  2.71613e+00 -1.63237e+03 -1.62965e+03  1.96996e+02
    20      1.433  6.48888e+00 -1.63606e+03 -1.62957e+03  1.96255e+02
    30      2.764  1.25112e+01 -1.64184e+03 -1.62933e+03  1.95080e+02
    40      4.545  2.05758e+01 -1.64930e+03 -1.62873e+03  1.93525e+02
    50      6.736  3.04935e+01 -1.65805e+03 -1.62755e+03  1.91654e+02
    60      9.310  4.21497e+01 -1.66768e+03 -1.62553e+03  1.89531e+02
    70     12.269  5.55439e+01 -1.67781e+03 -1.62227e+03  1.87216e+02
    80     15.641  7.08112e+01 -1.68804e+03 -1.61723e+03  1.84771e+02
    90     19.490  8.82356e+01 -1.69782e+03 -1.60958e+03  1.82263e+02
   100     23.906  1.08226e+02 -1.70723e+03 -1.59900e+03  1.79720e+02
   110     29.017  1.31368e+02 -1.71305e+03 -1.58168e+03  1.77370e+02
   120     34.984  1.58380e+02 -1.72088e+03 -1.56250e+03  1.74908e+02
   130     41.986  1.90079e+02 -1.73093e+03 -1.54085e+03  1.72358e+02
   140     50.253  2.27507e+02 -1.74013e+03 -1.51263e+03  1.69953e+02
   150     60.074  2.71967e+02 -1.74790e+03 -1.47593e+03  1.67787e+02
   160     71.795  3.25034e+02 -1.75550e+03 -1.43047e+03  1.65853e+02
   170     85.837  3.88605e+02 -1.76129e+03 -1.37268e+03  1.64340e+02
   180    102.711  4.64994e+02 -1.76511e+03 -1.30012e+03  1.63367e+02
   190    123.025  5.56962e+02 -1.76852e+03 -1.21155e+03  1.62974e+02
   200    147.507  6.67799e+02 -1.76988e+03 -1.10208e+03  1.63423e+02
   210    177.018  8.01400e+02 -1.76970e+03 -9.68300e+02  1.64876e+02
   220    212.557  9.62294e+02 -1.76635e+03 -8.04055e+02  1.67659e+02
   230    255.246  1.15555e+03 -1.75986e+03 -6.04309e+02  1.72024e+02
   240    306.251  1.38647e+03 -1.74996e+03 -3.63492e+02  1.78267e+02
   250    366.638  1.65985e+03 -1.73598e+03 -7.61271e+01  1.86714e+02
   260    437.087  1.97879e+03 -1.71693e+03  2.61864e+02  1.97692e+02
   270    517.496  2.34282e+03 -1.69024e+03  6.52582e+02  2.11544e+02
   280    606.773  2.74700e+03 -1.65239e+03  1.09461e+03  2.28476e+02
   290    703.433  3.18460e+03 -1.60532e+03  1.57929e+03  2.47948e+02
   300    805.867  3.64834e+03 -1.55910e+03  2.08924e+03  2.68410e+02
   310    910.176  4.12057e+03 -1.51841e+03  2.60217e+03  2.88375e+02
   320   1010.846  4.57633e+03 -1.48920e+03  3.08712e+03  3.05914e+02
   330   1102.653  4.99196e+03 -1.48423e+03  3.50772e+03  3.18304e+02
   340   1176.481  5.32620e+03 -1.50216e+03  3.82404e+03  3.24135e+02
   350   1220.693  5.52635e+03 -1.52724e+03  3.99911e+03  3.23540e+02
   360   1227.702  5.55809e+03 -1.55030e+03  4.00779e+03  3.16673e+02
   370   1196.268  5.41577e+03 -1.56848e+03  3.84729e+03  3.03907e+02
   380   1130.024  5.11587e+03 -1.57962e+03  3.53625e+03  2.86476e+02
   390   1032.822  4.67582e+03 -1.56409e+03  3.11173e+03  2.67860e+02
   400    903.898  4.09215e+03 -1.46744e+03  2.62471e+03  2.54820e+02
   410    781.956  3.54009e+03 -1.41246e+03  2.12763e+03  2.37934e+02
   420    704.286  3.18846e+03 -1.55732e+03  1.63114e+03  2.03672e+02
   430    599.084  2.71219e+03 -1.55692e+03  1.15527e+03  1.83839e+02
   440    486.598  2.20294e+03 -1.46561e+03  7.37327e+02  1.75005e+02
   450    419.536  1.89933e+03 -1.52284e+03  3.76494e+02  1.55188e+02
   460    364.952  1.65222e+03 -1.59809e+03  5.41248e+01  1.35057e+02
   470    310.864  1.40735e+03 -1.63331e+03 -2.25959e+02  1.20237e+02
   480    265.654  1.20268e+03 -1.66841e+03 -4.65729e+02  1.07234e+02
   490    226.843  1.02697e+03 -1.69646e+03 -6.69486e+02  9.64555e+01
   500    192.434  8.71193e+02 -1.71162e+03 -8.40432e+02  8.82442e+01
   510    162.631  7.36269e+02 -1.71858e+03 -9.82313e+02  8.19425e+01
   520    140.228  6.34845e+02 -1.73484e+03 -1.09999e+03  7.56317e+01
   530    124.900  5.65448e+02 -1.76510e+03 -1.19966e+03  6.85353e+01
   540    113.601  5.14297e+02 -1.80044e+03 -1.28614e+03  6.12833e+01
   550    104.652  4.73783e+02 -1.83630e+03 -1.36252e+03  5.42590e+01
   560     97.140  4.39777e+02 -1.86987e+03 -1.43009e+03  4.77128e+01
   570     90.516  4.09788e+02 -1.90017e+03 -1.49039e+03  4.17607e+01
   580     84.603  3.83016e+02 -1.92646e+03 -1.54345e+03  3.64587e+01
   590     79.363  3.59292e+02 -1.94986e+03 -1.59057e+03  3.17178e+01
   600     74.791  3.38595e+02 -1.97090e+03 -1.63231e+03  2.74714e+01
   610     70.866  3.20825e+02 -1.99019e+03 -1.66937e+03  2.36462e+01
   620     67.478  3.05487e+02 -2.00761e+03 -1.70213e+03  2.02260e+01
   630     64.483  2.91928e+02 -2.02279e+03 -1.73086e+03  1.72174e+01
   640     61.808  2.79820e+02 -2.03624e+03 -1.75642e+03  1.45634e+01
   650     59.488  2.69316e+02 -2.04782e+03 -1.77850e+03  1.22337e+01
   660     57.609  2.60811e+02 -2.05851e+03 -1.79770e+03  1.01177e+01
   670     56.228  2.54558e+02 -2.06885e+03 -1.81429e+03  8.14229e+00
   680     55.325  2.50468e+02 -2.07899e+03 -1.82852e+03  6.27502e+00
   690     54.827  2.48215e+02 -2.08869e+03 -1.84047e+03  4.52345e+00
   700     54.653  2.47426e+02 -2.09787e+03 -1.85045e+03  2.89455e+00
   710     54.746  2.47846e+02 -2.10621e+03 -1.85837e+03  1.41186e+00
   720     55.091  2.49410e+02 -2.11371e+03 -1.86430e+03  7.60950e-02
   730     55.698  2.52159e+02 -2.12030e+03 -1.86814e+03 -1.10884e+00
   740     56.579  2.56144e+02 -2.12612e+03 -1.86998e+03 -2.15228e+00
   750     57.749  2.61441e+02 -2.13145e+03 -1.87001e+03 -3.07057e+00
   760     59.249  2.68233e+02 -2.13588e+03 -1.86764e+03 -3.84063e+00
   770     61.155  2.76863e+02 -2.14018e+03 -1.86332e+03 -4.51615e+00
   780     63.565  2.87774e+02 -2.14428e+03 -1.85650e+03 -5.09662e+00
   790     66.578  3.01412e+02 -2.14823e+03 -1.84682e+03 -5.58699e+00
   800     70.284  3.18191e+02 -2.15247e+03 -1.83428e+03 -6.00346e+00
   810     74.767  3.38486e+02 -2.15707e+03 -1.81859e+03 -6.33284e+00
   820     80.107  3.62662e+02 -2.16145e+03 -1.79878e+03 -6.50779e+00
   830     86.376  3.91046e+02 -2.16613e+03 -1.77508e+03 -6.51919e+00
   840     93.609  4.23787e+02 -2.17030e+03 -1.74652e+03 -6.25970e+00
   850    101.799  4.60865e+02 -2.17331e+03 -1.71245e+03 -5.61761e+00
   860    110.942  5.02258e+02 -2.17466e+03 -1.67240e+03 -4.48691e+00
   870    121.073  5.48126e+02 -2.17332e+03 -1.62519e+03 -2.73160e+00
   880    132.302  5.98962e+02 -2.16927e+03 -1.57030e+03 -2.86404e-01
   890    144.871  6.55865e+02 -2.16265e+03 -1.50679e+03  2.88905e+00
   900    159.172  7.20608e+02 -2.15388e+03 -1.43327e+03  6.81077e+00
   910    175.525  7.94639e+02 -2.14406e+03 -1.34942e+03  1.14772e+01
   920    193.894  8.77802e+02 -2.13098e+03 -1.25318e+03  1.71485e+01
   930    213.923  9.68480e+02 -2.11205e+03 -1.14357e+03  2.41377e+01
   940    235.304  1.06527e+03 -2.08517e+03 -1.01990e+03  3.26851e+01
   950    258.255  1.16918e+03 -2.05072e+03 -8.81535e+02  4.27700e+01
   960    283.631  1.28406e+03 -2.01219e+03 -7.28126e+02  5.40778e+01
   970    312.139  1.41312e+03 -1.97149e+03 -5.58368e+02  6.64191e+01
   980    343.792  1.55642e+03 -1.92844e+03 -3.72020e+02  7.98153e+01
   990    378.046  1.71150e+03 -1.88088e+03 -1.69382e+02  9.44391e+01
  1000    413.432  1.87170e+03 -1.82402e+03  4.76794e+01  1.10662e+02
  1010    448.242  2.02929e+03 -1.75186e+03  2.77431e+02  1.28807e+02
  1020    484.900  2.19525e+03 -1.68043e+03  5.14817e+02  1.47237e+02
  1030    525.280  2.37806e+03 -1.61968e+03  7.58378e+02  1.64808e+02
  1040    567.633  2.56980e+03 -1.56676e+03  1.00305e+03  1.81580e+02
  1050    610.292  2.76293e+03 -1.51926e+03  1.24367e+03  1.97536e+02
  1060    648.189  2.93450e+03 -1.46388e+03  1.47061e+03  2.13633e+02
  1070    679.055  3.07423e+03 -1.39890e+03  1.67533e+03  2.29661e+02
  1080    702.004  3.17813e+03 -1.32877e+03  1.84936e+03  2.44889e+02
  1090    710.761  3.21777e+03 -1.23279e+03  1.98499e+03  2.60816e+02
  1100    708.500  3.20754e+03 -1.13076e+03  2.07678e+03  2.75230e+02
  1110    715.135  3.23758e+03 -1.11261e+03  2.12497e+03  2.79775e+02
  1120    724.316  3.27914e+03 -1.15049e+03  2.12865e+03  2.76869e+02
  1130    723.790  3.27676e+03 -1.19077e+03  2.08599e+03  2.71530e+02
  1140    709.421  3.21171e+03 -1.21415e+03  1.99756e+03  2.65851e+02
  1150    680.663  3.08151e+03 -1.21168e+03  1.86983e+03  2.60945e+02
  1160    641.111  2.90245e+03 -1.19187e+03  1.71059e+03  2.56364e+02
  1170    598.181  2.70810e+03 -1.17870e+03  1.52941e+03  2.50166e+02
  1180    559.147  2.53138e+03 -1.19719e+03  1.33420e+03  2.40267e+02
  1190    524.621  2.37508e+03 -1.24472e+03  1.13036e+03  2.27104e+02
  1200    488.455  2.21134e+03 -1.28903e+03  9.22316e+02  2.13898e+02
  1210    449.460  2.03481e+03 -1.31838e+03  7.16433e+02  2.02003e+02
  1220    413.190  1.87060e+03 -1.35350e+03  5.17106e+02  1.89726e+02
  1230    381.479  1.72704e+03 -1.40004e+03  3.26999e+02  1.76604e+02
  1240    352.576  1.59619e+03 -1.44913e+03  1.47061e+02  1.63554e+02
  1250    325.221  1.47235e+03 -1.49432e+03 -2.19743e+01  1.51322e+02
  1260    298.248  1.35023e+03 -1.52895e+03 -1.78713e+02  1.40613e+02
  1270    271.800  1.23050e+03 -1.55216e+03 -3.21664e+02  1.31516e+02
  1280    248.604  1.12548e+03 -1.57674e+03 -4.51255e+02  1.22823e+02
  1290    230.985  1.04572e+03 -1.61486e+03 -5.69138e+02  1.13305e+02
  1300    217.422  9.84317e+02 -1.66136e+03 -6.77046e+02  1.03325e+02
  1310    205.406  9.29920e+02 -1.70571e+03 -7.75786e+02  9.38234e+01
  1320    194.247  8.79400e+02 -1.74571e+03 -8.66312e+02  8.50540e+01
  1330    183.901  8.32563e+02 -1.78160e+03 -9.49041e+02  7.70262e+01
  1340    174.290  7.89052e+02 -1.81318e+03 -1.02413e+03  6.97658e+01
  1350    165.296  7.48331e+02 -1.84051e+03 -1.09218e+03  6.32754e+01
  1360    156.836  7.10032e+02 -1.86327e+03 -1.15324e+03  5.75671e+01
  1370    148.973  6.74435e+02 -1.88238e+03 -1.20794e+03  5.25459e+01
  1380    141.868  6.42267e+02 -1.89912e+03 -1.25685e+03  4.80680e+01
  1390    135.707  6.14375e+02 -1.91445e+03 -1.30007e+03  4.39986e+01
  1400    130.619  5.91340e+02 -1.92963e+03 -1.33829e+03  4.01931e+01
  1410    126.589  5.73097e+02 -1.94501e+03 -1.37191e+03  3.65901e+01
  1420    123.552  5.59348e+02 -1.96058e+03 -1.40123e+03  3.31683e+01
  1430    121.398  5.49595e+02 -1.97657e+03 -1.42698e+03  2.99102e+01
  1440    119.873  5.42694e+02 -1.99181e+03 -1.44911e+03  2.69129e+01
  1450    118.708  5.37417e+02 -2.00491e+03 -1.46749e+03  2.42948e+01
  1460    117.777  5.33202e+02 -2.01564e+03 -1.48244e+03  2.20877e+01
  1470    117.083  5.30061e+02 -2.02400e+03 -1.49394e+03  2.02847e+01
  1480    116.690  5.28281e+02 -2.03080e+03 -1.50252e+03  1.88185e+01
  1490    116.712  5.28382e+02 -2.03625e+03 -1.50787e+03  1.76476e+01
  1500    117.311  5.31092e+02 -2.04088e+03 -1.50979e+03  1.67056e+01
  1510    118.642  5.37121e+02 -2.04556e+03 -1.50844e+03  1.59119e+01
  1520    120.776  5.46782e+02 -2.05082e+03 -1.50404e+03  1.52236e+01
  1530    123.668  5.59873e+02 -2.05614e+03 -1.49626e+03  1.46908e+01
  1540    127.209  5.75904e+02 -2.06099e+03 -1.48509e+03  1.43750e+01
  1550    131.324  5.94535e+02 -2.06451e+03 -1.46997e+03  1.43603e+01
  1560    136.026  6.15819e+02 -2.06652e+03 -1.45070e+03  1.46726e+01
  1570    141.395  6.40128e+02 -2.06783e+03 -1.42770e+03  1.52717e+01
  1580    147.528  6.67893e+02 -2.06770e+03 -1.39981e+03  1.62089e+01
  1590    154.496  6.99439e+02 -2.06669e+03 -1.36726e+03  1.74667e+01
  1600    162.313  7.34826e+02 -2.06458e+03 -1.32975e+03  1.90874e+01
  1610    170.937  7.73868e+02 -2.06072e+03 -1.28685e+03  2.11490e+01
  1620    180.366  8.16558e+02 -2.05501e+03 -1.23845e+03  2.36898e+01
  1630    190.854  8.64041e+02 -2.04781e+03 -1.18377e+03  2.66873e+01
  1640    202.842  9.18313e+02 -2.04068e+03 -1.12236e+03  3.00287e+01
  1650    216.431  9.79834e+02 -2.03328e+03 -1.05344e+03  3.37779e+01
  1660    231.156  1.04650e+03 -2.02389e+03 -9.77396e+02  3.81622e+01
  1670    246.363  1.11534e+03 -2.00904e+03 -8.93702e+02  4.35217e+01
  1680    261.611  1.18437e+03 -1.98708e+03 -8.02709e+02  5.00253e+01
  1690    276.819  1.25322e+03 -1.95840e+03 -7.05178e+02  5.76338e+01
  1700    292.098  1.32240e+03 -1.92263e+03 -6.00237e+02  6.63047e+01
  1710    307.397  1.39166e+03 -1.88141e+03 -4.89749e+02  7.58700e+01
  1720    322.660  1.46076e+03 -1.83483e+03 -3.74071e+02  8.62294e+01
  1730    338.295  1.53154e+03 -1.78521e+03 -2.53675e+02  9.70703e+01
  1740    355.094  1.60759e+03 -1.73647e+03 -1.28876e+02  1.07931e+02
  1750    375.399  1.69952e+03 -1.70073e+03 -1.21767e+00  1.17687e+02
  1760    401.575  1.81802e+03 -1.68764e+03  1.30383e+02  1.25506e+02
  1770    426.482  1.93078e+03 -1.66638e+03  2.64396e+02  1.34242e+02
  1780    444.083  2.01046e+03 -1.61349e+03  3.96978e+02  1.45920e+02
  1790    457.502  2.07121e+03 -1.54660e+03  5.24609e+02  1.58682e+02
  1800    472.177  2.13765e+03 -1.49280e+03  6.44855e+02  1.69811e+02
  1810    490.571  2.22092e+03 -1.46410e+03  7.56821e+02  1.78046e+02
  1820    509.966  2.30873e+03 -1.44956e+03  8.59169e+02  1.84327e+02
  1830    526.800  2.38494e+03 -1.43639e+03  9.48553e+02  1.89848e+02
  1840    539.420  2.44207e+03 -1.41934e+03  1.02274e+03  1.95070e+02
  1850    545.723  2.47061e+03 -1.39207e+03  1.07854e+03  2.00514e+02
  1860    546.981  2.47631e+03 -1.36180e+03  1.11451e+03  2.05404e+02
  1870    547.011  2.47644e+03 -1.34620e+03  1.13024e+03  2.08044e+02
  1880    542.787  2.45732e+03 -1.33142e+03  1.12590e+03  2.09626e+02
  1890    533.591  2.41569e+03 -1.31430e+03  1.10138e+03  2.10499e+02
  1900    523.018  2.36782e+03 -1.30890e+03  1.05892e+03  2.09445e+02
  1910    513.407  2.32431e+03 -1.32420e+03  1.00011e+03  2.05716e+02
  1920    502.159  2.27339e+03 -1.34754e+03  9.25853e+02  2.00545e+02
  1930    485.180  2.19652e+03 -1.35792e+03  8.38601e+02  1.95896e+02
  1940    464.293  2.10196e+03 -1.36025e+03  7.41707e+02  1.91388e+02
  1950    442.479  2.00320e+03 -1.36505e+03  6.38146e+02  1.86105e+02
  1960    422.474  1.91264e+03 -1.38290e+03  5.29738e+02  1.79161e+02
  1970    408.009  1.84715e+03 -1.42911e+03  4.18033e+02  1.69285e+02
  1980    395.242  1.78935e+03 -1.48609e+03  3.03258e+02  1.58260e+02
  1990    378.471  1.71343e+03 -1.52644e+03  1.86983e+02  1.48804e+02
  2000    357.651  1.61917e+03 -1.54757e+03  7.15950e+01  1.41321e+02
  2010    335.761  1.52007e+03 -1.55902e+03 -3.89506e+01  1.34909e+02
  2020    316.392  1.43238e+03 -1.57728e+03 -1.44902e+02  1.28025e+02
  2030    302.867  1.37115e+03 -1.61786e+03 -2.46710e+02  1.19212e+02
  2040    291.953  1.32174e+03 -1.66631e+03 -3.44577e+02  1.09786e+02
  2050    278.798  1.26218e+03 -1.70028e+03 -4.38095e+02  1.01922e+02
  2060    262.985  1.19059e+03 -1.71673e+03 -5.26137e+02  9.60379e+01
  2070    246.102  1.11416e+03 -1.72131e+03 -6.07154e+02  9.16342e+01
  2080    230.292  1.04258e+03 -1.72378e+03 -6.81193e+02  8.77750e+01
  2090    217.379  9.84124e+02 -1.73252e+03 -7.48391e+02  8.35890e+01
  2100    208.106  9.42141e+02 -1.75142e+03 -8.09278e+02  7.86283e+01
  2110    201.739  9.13318e+02 -1.77859e+03 -8.65271e+02  7.30459e+01
  2120    196.734  8.90660e+02 -1.80730e+03 -9.16643e+02  6.74640e+01
  2130    192.037  8.69395e+02 -1.83311e+03 -9.63714e+02  6.23412e+01
  2140    187.477  8.48749e+02 -1.85535e+03 -1.00660e+03  5.77846e+01
  2150    183.135  8.29091e+02 -1.87456e+03 -1.04546e+03  5.37729e+01
  2160    178.926  8.10040e+02 -1.89044e+03 -1.08040e+03  5.03369e+01
  2170    174.765  7.91201e+02 -1.90271e+03 -1.11151e+03  4.74920e+01
  2180    170.774  7.73132e+02 -1.91115e+03 -1.13801e+03  4.52094e+01
  2190    167.219  7.57039e+02 -1.91773e+03 -1.16069e+03  4.32971e+01
  2200    164.340  7.44005e+02 -1.92370e+03 -1.17969e+03  4.16139e+01
  2210    162.281  7.34684e+02 -1.92976e+03 -1.19507e+03  4.00720e+01
  2220    161.082  7.29256e+02 -1.93648e+03 -1.20722e+03  3.86198e+01
  2230    160.663  7.27358e+02 -1.94277e+03 -1.21541e+03  3.73334e+01
  2240    160.888  7.28378e+02 -1.94898e+03 -1.22061e+03  3.62139e+01
  2250    161.705  7.32074e+02 -1.95432e+03 -1.22225e+03  3.53264e+01
  2260    163.121  7.38487e+02 -1.95867e+03 -1.22019e+03  3.46848e+01
  2270    165.098  7.47437e+02 -1.96265e+03 -1.21521e+03  3.42669e+01
  2280    167.544  7.58509e+02 -1.96521e+03 -1.20670e+03  3.41630e+01
  2290    170.383  7.71361e+02 -1.96613e+03 -1.19477e+03  3.44079e+01
  2300    173.607  7.85959e+02 -1.96500e+03 -1.17905e+03  3.50374e+01
  2310    177.238  8.02395e+02 -1.96214e+03 -1.15974e+03  3.60373e+01
  2320    181.295  8.20764e+02 -1.95721e+03 -1.13644e+03  3.74289e+01
  2330    185.810  8.41205e+02 -1.95077e+03 -1.10956e+03  3.91763e+01
  2340    190.814  8.63857e+02 -1.94261e+03 -1.07875e+03  4.12861e+01
  2350    196.343  8.88888e+02 -1.93275e+03 -1.04387e+03  4.37455e+01
  2360    202.571  9.17085e+02 -1.92176e+03 -1.00468e+03  4.64825e+01
  2370    209.981  9.50630e+02 -1.91213e+03 -9.61500e+02  4.92687e+01
  2380    219.202  9.92377e+02 -1.90562e+03 -9.13243e+02  5.19183e+01
  2390    230.550  1.04375e+03 -1.90383e+03 -8.60077e+02  5.43278e+01
  2400    243.742  1.10348e+03 -1.90516e+03 -8.01689e+02  5.66979e+01
  2410    257.890  1.16752e+03 -1.90487e+03 -7.37343e+02  5.95132e+01
  2420    271.770  1.23036e+03 -1.89826e+03 -6.67896e+02  6.32727e+01
  2430    284.355  1.28734e+03 -1.88142e+03 -5.94086e+02  6.83470e+01
  2440    295.378  1.33724e+03 -1.85362e+03 -5.16375e+02  7.47377e+01
  2450    306.081  1.38570e+03 -1.82120e+03 -4.35504e+02  8.17597e+01
  2460    319.021  1.44428e+03 -1.79577e+03 -3.51492e+02  8.82410e+01
  2470    335.813  1.52030e+03 -1.78459e+03 -2.64286e+02  9.34714e+01
  2480    355.177  1.60796e+03 -1.78272e+03 -1.74755e+02  9.79351e+01
  2490    374.063  1.69347e+03 -1.77641e+03 -8.29379e+01  1.02893e+02
  2500    390.586  1.76827e+03 -1.75877e+03  9.49381e+00  1.08963e+02
  2510    405.911  1.83765e+03 -1.73750e+03  1.00153e+02  1.15408e+02
  2520    421.626  1.90879e+03 -1.72113e+03  1.87663e+02  1.21378e+02
  2530    436.801  1.97750e+03 -1.70711e+03  2.70385e+02  1.27040e+02
  2540    449.165  2.03347e+03 -1.68658e+03  3.46892e+02  1.33126e+02
  2550    456.763  2.06787e+03 -1.65300e+03  4.14871e+02  1.40150e+02
  2560    460.479  2.08469e+03 -1.61184e+03  4.72847e+02  1.47483e+02
  2570    463.087  2.09650e+03 -1.57621e+03  5.20294e+02  1.53809e+02
  2580    464.819  2.10434e+03 -1.54777e+03  5.56572e+02  1.58882e+02
  2590    464.567  2.10320e+03 -1.52194e+03  5.81257e+02  1.63009e+02
  2600    465.362  2.10680e+03 -1.51220e+03  5.94604e+02  1.64877e+02
  2610    468.949  2.12304e+03 -1.52693e+03  5.96111e+02  1.63723e+02
  2620    470.737  2.13113e+03 -1.54545e+03  5.85683e+02  1.61482e+02
  2630    468.122  2.11930e+03 -1.55628e+03  5.63013e+02  1.59340e+02
  2640    463.061  2.09638e+03 -1.56736e+03  5.29026e+02  1.56715e+02
  2650    455.451  2.06193e+03 -1.57828e+03  4.83649e+02  1.53778e+02
  2660    443.377  2.00727e+03 -1.57821e+03  4.29057e+02  1.51585e+02
  2670    427.316  1.93456e+03 -1.56734e+03  3.67215e+02  1.50182e+02
  2680    408.114  1.84762e+03 -1.54736e+03  3.00268e+02  1.49410e+02
  2690    388.461  1.75865e+03 -1.52937e+03  2.29275e+02  1.48237e+02
  2700    373.372  1.69034e+03 -1.53393e+03  1.56411e+02  1.44728e+02
  2710    361.784  1.63788e+03 -1.55587e+03  8.20097e+01  1.39330e+02
  2720    349.220  1.58100e+03 -1.57414e+03  6.85561e+00  1.33996e+02
  2730    335.995  1.52112e+03 -1.58944e+03 -6.83132e+01  1.28763e+02
  2740    324.290  1.46813e+03 -1.61041e+03 -1.42278e+02  1.22905e+02
  2750    314.423  1.42346e+03 -1.63861e+03 -2.15147e+02  1.16372e+02
  2760    305.222  1.38181e+03 -1.66820e+03 -2.86396e+02  1.09803e+02
  2770    295.326  1.33701e+03 -1.69285e+03 -3.55847e+02  1.03908e+02
  2780    284.351  1.28732e+03 -1.71000e+03 -4.22678e+02  9.90105e+01
  2790    273.050  1.23616e+03 -1.72244e+03 -4.86279e+02  9.48967e+01
  2800    261.890  1.18563e+03 -1.73204e+03 -5.46406e+02  9.13782e+01
  2810    251.113  1.13684e+03 -1.73957e+03 -6.02723e+02  8.83168e+01
  2820    241.485  1.09326e+03 -1.74776e+03 -6.54500e+02  8.53603e+01
  2830    233.291  1.05616e+03 -1.75867e+03 -7.02508e+02  8.22577e+01
  2840    226.187  1.02400e+03 -1.77029e+03 -7.46295e+02  7.91093e+01
  2850    220.482  9.98173e+02 -1.78490e+03 -7.86725e+02  7.56954e+01
  2860    217.318  9.83845e+02 -1.80754e+03 -8.23699e+02  7.15502e+01
  2870    216.152  9.78568e+02 -1.83578e+03 -8.57212e+02  6.69367e+01
  2880    214.726  9.72114e+02 -1.86026e+03 -8.88151e+02  6.28164e+01
  2890    211.668  9.58270e+02 -1.87394e+03 -9.15675e+02  5.99060e+01
  2900    206.898  9.36676e+02 -1.87676e+03 -9.40080e+02  5.82753e+01
  2910    201.271  9.11198e+02 -1.87239e+03 -9.61188e+02  5.75740e+01
  2920    196.074  8.87671e+02 -1.86635e+03 -9.78683e+02  5.72309e+01
  2930    192.396  8.71019e+02 -1.86379e+03 -9.92775e+02  5.67137e+01
  2940    190.471  8.62306e+02 -1.86566e+03 -1.00336e+03  5.58793e+01
  2950    189.741  8.59001e+02 -1.86956e+03 -1.01056e+03  5.49269e+01
  2960    189.835  8.59426e+02 -1.87437e+03 -1.01494e+03  5.39739e+01
  2970    190.973  8.64580e+02 -1.88043e+03 -1.01585e+03  5.29817e+01
  2980    193.316  8.75186e+02 -1.88881e+03 -1.01362e+03  5.18833e+01
  2990    196.674  8.90387e+02 -1.89880e+03 -1.00842e+03  5.07769e+01
  3000    200.732  9.08758e+02 -1.90879e+03 -1.00003e+03  4.98416e+01
  3010    205.090  9.28486e+02 -1.91678e+03 -9.88298e+02  4.92910e+01
  3020    209.418  9.48082e+02 -1.92104e+03 -9.72956e+02  4.93133e+01
  3030    213.414  9.66172e+02 -1.92129e+03 -9.55119e+02  4.99996e+01
  3040    216.470  9.80008e+02 -1.91384e+03 -9.33834e+02  5.16763e+01
  3050    218.149  9.87607e+02 -1.89743e+03 -9.09822e+02  5.44686e+01
  3060    218.640  9.89833e+02 -1.87278e+03 -8.82943e+02  5.82573e+01
  3070    218.719  9.90192e+02 -1.84384e+03 -8.53645e+02  6.26065e+01
  3080    220.439  9.97977e+02 -1.81915e+03 -8.21176e+02  6.66225e+01
  3090    226.546  1.02562e+03 -1.81131e+03 -7.85683e+02  6.91339e+01
  3100    236.892  1.07246e+03 -1.81881e+03 -7.46347e+02  7.03054e+01
  3110    248.596  1.12545e+03 -1.82763e+03 -7.02177e+02  7.14728e+01
  3120    259.334  1.17407e+03 -1.82858e+03 -6.54512e+02  7.35623e+01
  3130    269.640  1.22072e+03 -1.82368e+03 -6.02958e+02  7.63738e+01
  3140    281.863  1.27606e+03 -1.82414e+03 -5.48079e+02  7.89141e+01
  3150    295.292  1.33685e+03 -1.82641e+03 -4.89553e+02  8.15258e+01
  3160    308.053  1.39462e+03 -1.82285e+03 -4.28229e+02  8.49467e+01
  3170    319.337  1.44571e+03 -1.81051e+03 -3.64802e+02  8.94453e+01
  3180    329.148  1.49013e+03 -1.79057e+03 -3.00443e+02  9.48867e+01
  3190    337.459  1.52775e+03 -1.76318e+03 -2.35424e+02  1.01168e+02
  3200    344.286  1.55866e+03 -1.72965e+03 -1.70987e+02  1.08070e+02
  3210    350.775  1.58804e+03 -1.69552e+03 -1.07481e+02  1.14952e+02
  3220    358.324  1.62221e+03 -1.66804e+03 -4.58258e+01  1.21070e+02
  3230    366.505  1.65925e+03 -1.64506e+03  1.41853e+01  1.26529e+02
  3240    373.992  1.69314e+03 -1.62127e+03  7.18707e+01  1.31755e+02
  3250    382.112  1.72990e+03 -1.60351e+03  1.26392e+02  1.36104e+02
  3260    391.619  1.77295e+03 -1.59583e+03  1.77123e+02  1.39206e+02
  3270    400.944  1.81516e+03 -1.59097e+03  2.24198e+02  1.41706e+02
  3280    408.943  1.85138e+03 -1.58519e+03  2.66184e+02  1.43974e+02
  3290    415.740  1.88215e+03 -1.57973e+03  3.02418e+02  1.45899e+02
  3300    423.309  1.91642e+03 -1.58438e+03  3.32034e+02  1.46634e+02
  3310    429.275  1.94342e+03 -1.58991e+03  3.53518e+02  1.47056e+02
  3320    431.201  1.95214e+03 -1.58466e+03  3.67485e+02  1.48151e+02
  3330    431.413  1.95310e+03 -1.58038e+03  3.72721e+02  1.48836e+02
  3340    431.224  1.95225e+03 -1.58281e+03  3.69437e+02  1.48528e+02
  3350    430.087  1.94710e+03 -1.58965e+03  3.57451e+02  1.47430e+02
  3360    427.217  1.93411e+03 -1.59680e+03  3.37304e+02  1.45960e+02
  3370    420.830  1.90519e+03 -1.59608e+03  3.09117e+02  1.44977e+02
  3380    408.885  1.85112e+03 -1.57718e+03  2.73937e+02  1.45492e+02
  3390    391.886  1.77416e+03 -1.54075e+03  2.33409e+02  1.47441e+02
  3400    374.243  1.69428e+03 -1.50461e+03  1.89675e+02  1.49088e+02
  3410    361.834  1.63810e+03 -1.49475e+03  1.43354e+02  1.47963e+02
  3420    355.510  1.60947e+03 -1.51426e+03  9.52154e+01  1.43702e+02
  3430    352.449  1.59561e+03 -1.55150e+03  4.41194e+01  1.37430e+02
  3440    350.548  1.58701e+03 -1.59609e+03 -9.07795e+00  1.30186e+02
  3450    347.498  1.57320e+03 -1.63818e+03 -6.49777e+01  1.23038e+02
  3460    341.400  1.54559e+03 -1.66823e+03 -1.22638e+02  1.16980e+02
  3470    332.643  1.50595e+03 -1.68686e+03 -1.80916e+02  1.12038e+02
  3480    323.173  1.46308e+03 -1.70203e+03 -2.38959e+02  1.07532e+02
  3490    314.064  1.42184e+03 -1.71844e+03 -2.96604e+02  1.03075e+02
  3500    304.645  1.37920e+03 -1.73210e+03 -3.52900e+02  9.90550e+01
  3510    293.905  1.33057e+03 -1.73852e+03 -4.07946e+02  9.59432e+01
  3520    282.724  1.27996e+03 -1.74057e+03 -4.60616e+02  9.34775e+01
  3530    272.264  1.23260e+03 -1.74341e+03 -5.10810e+02  9.11755e+01
  3540    261.709  1.18481e+03 -1.74279e+03 -5.57980e+02  8.93703e+01
  3550    250.854  1.13567e+03 -1.73707e+03 -6.01401e+02  8.81510e+01
  3560    241.156  1.09177e+03 -1.73289e+03 -6.41121e+02  8.68489e+01
  3570    234.027  1.05949e+03 -1.73720e+03 -6.77706e+02  8.47674e+01
  3580    229.161  1.03746e+03 -1.74830e+03 -7.10833e+02  8.19921e+01
  3590    225.803  1.02226e+03 -1.76323e+03 -7.40973e+02  7.87912e+01
  3600    224.168  1.01486e+03 -1.78301e+03 -7.68153e+02  7.50917e+01
  3610    224.398  1.01590e+03 -1.80858e+03 -7.92685e+02  7.08534e+01
  3620    225.488  1.02083e+03 -1.83540e+03 -8.14568e+02  6.65521e+01
  3630    226.312  1.02457e+03 -1.85866e+03 -8.34099e+02  6.27155e+01
  3640    226.386  1.02490e+03 -1.87604e+03 -8.51143e+02  5.96214e+01
  3650    225.522  1.02099e+03 -1.88682e+03 -8.65834e+02  5.73766e+01
  3660    223.882  1.01356e+03 -1.89137e+03 -8.77804e+02  5.59439e+01
  3670    221.873  1.00447e+03 -1.89181e+03 -8.87346e+02  5.51148e+01
  3680    219.929  9.95669e+02 -1.88966e+03 -8.93988e+02  5.46999e+01
  3690    218.609  9.89694e+02 -1.88770e+03 -8.98003e+02  5.44104e+01
  3700    218.571  9.89522e+02 -1.88868e+03 -8.99155e+02  5.39608e+01
  3710    220.223  9.96999e+02 -1.89513e+03 -8.98136e+02  5.31415e+01
  3720    223.232  1.01062e+03 -1.90451e+03 -8.93886e+02  5.21903e+01
  3730    226.499  1.02541e+03 -1.91249e+03 -8.87082e+02  5.15762e+01
  3740    229.036  1.03690e+03 -1.91469e+03 -8.77789e+02  5.17569e+01
  3750    230.601  1.04398e+03 -1.90968e+03 -8.65697e+02  5.28805e+01
  3760    231.418  1.04768e+03 -1.89888e+03 -8.51194e+02  5.48262e+01
  3770    231.694  1.04893e+03 -1.88344e+03 -8.34511e+02  5.74573e+01
  3780    231.671  1.04883e+03 -1.86369e+03 -8.14860e+02  6.06586e+01
  3790    231.938  1.05004e+03 -1.84290e+03 -7.92865e+02  6.40624e+01
  3800    233.408  1.05669e+03 -1.82562e+03 -7.68923e+02  6.71740e+01
  3810    237.117  1.07348e+03 -1.81549e+03 -7.42012e+02  6.95551e+01
  3820    244.034  1.10479e+03 -1.81734e+03 -7.12544e+02  7.07591e+01
  3830    254.388  1.15167e+03 -1.83180e+03 -6.80127e+02  7.07652e+01
  3840    266.763  1.20769e+03 -1.85205e+03 -6.44352e+02  7.02960e+01
  3850    278.584  1.26121e+03 -1.86656e+03 -6.05348e+02  7.05219e+01
  3860    288.046  1.30405e+03 -1.86805e+03 -5.64000e+02  7.22030e+01
  3870    294.867  1.33493e+03 -1.85530e+03 -5.20368e+02  7.54495e+01
  3880    299.609  1.35640e+03 -1.83211e+03 -4.75715e+02  7.98879e+01
  3890    303.157  1.37246e+03 -1.80260e+03 -4.30138e+02  8.50373e+01
  3900    307.056  1.39011e+03 -1.77471e+03 -3.84600e+02  9.00840e+01
  3910    313.460  1.41910e+03 -1.75775e+03 -3.38648e+02  9.40862e+01
  3920    323.382  1.46402e+03 -1.75590e+03 -2.91878e+02  9.66385e+01
  3930    335.130  1.51721e+03 -1.76234e+03 -2.45129e+02  9.84245e+01
  3940    345.881  1.56588e+03 -1.76429e+03 -1.98406e+02  1.00650e+02
  3950    354.254  1.60379e+03 -1.75681e+03 -1.53017e+02  1.03808e+02
  3960    360.620  1.63261e+03 -1.74176e+03 -1.09156e+02  1.07698e+02
  3970    365.445  1.65445e+03 -1.72242e+03 -6.79719e+01  1.11978e+02
  3980    368.527  1.66840e+03 -1.69832e+03 -2.99159e+01  1.16590e+02
  3990    370.688  1.67819e+03 -1.67340e+03  4.78216e+00  1.21062e+02
  4000    374.654  1.69614e+03 -1.66005e+03  3.60914e+01  1.24200e+02
  4010    380.755  1.72376e+03 -1.66031e+03  6.34495e+01  1.25822e+02
  4020    386.551  1.75000e+03 -1.66345e+03  8.65510e+01  1.26947e+02
  4030    390.216  1.76660e+03 -1.66194e+03  1.04654e+02  1.28328e+02
  4040    390.967  1.77000e+03 -1.65250e+03  1.17497e+02  1.30290e+02
  4050    389.253  1.76224e+03 -1.63732e+03  1.24913e+02  1.32634e+02
  4060    385.420  1.74488e+03 -1.61770e+03  1.27184e+02  1.35203e+02
  4070    379.942  1.72008e+03 -1.59536e+03  1.24720e+02  1.37784e+02
  4080    373.766  1.69212e+03 -1.57466e+03  1.17468e+02  1.39932e+02
  4090    368.055  1.66627e+03 -1.55991e+03  1.06358e+02  1.41177e+02
  4100    364.545  1.65038e+03 -1.55875e+03  9.16275e+01  1.40801e+02
  4110    363.291  1.64470e+03 -1.57152e+03  7.31834e+01  1.38790e+02
  4120    362.882  1.64285e+03 -1.59107e+03  5.17798e+01  1.35827e+02
  4130    361.875  1.63829e+03 -1.61158e+03  2.67091e+01  1.32544e+02
  4140    359.286  1.62657e+03 -1.62835e+03 -1.78150e+00  1.29436e+02
  4150    355.334  1.60868e+03 -1.64174e+03 -3.30667e+01  1.26501e+02
  4160    350.552  1.58703e+03 -1.65388e+03 -6.68581e+01  1.23565e+02
  4170    345.335  1.56341e+03 -1.66600e+03 -1.02587e+02  1.20524e+02
  4180    339.816  1.53842e+03 -1.67880e+03 -1.40379e+02  1.17345e+02
  4190    333.615  1.51035e+03 -1.68970e+03 -1.79354e+02  1.14275e+02
  4200    326.613  1.47865e+03 -1.69755e+03 -2.18902e+02  1.11444e+02
  4210    318.921  1.44383e+03 -1.70287e+03 -2.59041e+02  1.08846e+02
  4220    311.031  1.40811e+03 -1.70741e+03 -2.99305e+02  1.06337e+02
  4230    303.901  1.37583e+03 -1.71495e+03 -3.39125e+02  1.03571e+02
  4240    298.007  1.34914e+03 -1.72716e+03 -3.78013e+02  1.00390e+02
  4250    293.417  1.32837e+03 -1.74488e+03 -4.16509e+02  9.67553e+01
  4260    289.566  1.31093e+03 -1.76466e+03 -4.53734e+02  9.30067e+01
  4270    284.976  1.29015e+03 -1.78056e+03 -4.90407e+02  8.97665e+01
  4280    278.716  1.26181e+03 -1.78722e+03 -5.25411e+02  8.75298e+01
  4290    271.357  1.22849e+03 -1.78711e+03 -5.58613e+02  8.60705e+01
  4300    264.516  1.19752e+03 -1.78725e+03 -5.89732e+02  8.46994e+01
  4310    259.294  1.17388e+03 -1.79285e+03 -6.18962e+02  8.29065e+01
  4320    255.230  1.15548e+03 -1.80156e+03 -6.46080e+02  8.08820e+01
  4330    251.133  1.13693e+03 -1.80829e+03 -6.71355e+02  7.91197e+01
  4340    246.454  1.11575e+03 -1.80932e+03 -6.93566e+02  7.79484e+01
  4350    241.390  1.09283e+03 -1.80680e+03 -7.13971e+02  7.72182e+01
  4360    236.340  1.06996e+03 -1.80161e+03 -7.31650e+02  7.68052e+01
  4370    231.816  1.04949e+03 -1.79606e+03 -7.46574e+02  7.64657e+01
  4380    228.665  1.03522e+03 -1.79422e+03 -7.59008e+02  7.57923e+01
  4390    228.245  1.03331e+03 -1.80256e+03 -7.69242e+02  7.41751e+01
  4400    231.266  1.04700e+03 -1.82373e+03 -7.76731e+02  7.13646e+01
  4410    236.493  1.07065e+03 -1.85223e+03 -7.81572e+02  6.79322e+01
  4420    241.613  1.09384e+03 -1.87865e+03 -7.84809e+02  6.48681e+01
  4430    244.864  1.10855e+03 -1.89405e+03 -7.85495e+02  6.30445e+01
  4440    246.009  1.11374e+03 -1.89845e+03 -7.84710e+02  6.25242e+01
  4450    245.915  1.11331e+03 -1.89482e+03 -7.81503e+02  6.29832e+01
  4460    245.382  1.11090e+03 -1.88765e+03 -7.76749e+02  6.39797e+01
  4470    244.764  1.10810e+03 -1.87730e+03 -7.69195e+02  6.53742e+01
  4480    244.587  1.10730e+03 -1.86741e+03 -7.60106e+02  6.68042e+01
  4490    245.926  1.11336e+03 -1.86239e+03 -7.49023e+02  6.78043e+01
  4500    249.618  1.13008e+03 -1.86576e+03 -7.35686e+02  6.80338e+01
  4510    255.208  1.15538e+03 -1.87537e+03 -7.19989e+02  6.77222e+01
  4520    261.085  1.18199e+03 -1.88426e+03 -7.02274e+02  6.75805e+01
  4530    265.554  1.20222e+03 -1.88465e+03 -6.82429e+02  6.83761e+01
  4540    267.860  1.21266e+03 -1.87358e+03 -6.60922e+02  7.04051e+01
  4550    268.756  1.21672e+03 -1.85497e+03 -6.38258e+02  7.32809e+01
  4560    270.123  1.22291e+03 -1.83700e+03 -6.14094e+02  7.61770e+01
  4570    273.216  1.23691e+03 -1.82536e+03 -5.88448e+02  7.85179e+01
  4580    277.551  1.25654e+03 -1.81728e+03 -5.60742e+02  8.05160e+01
  4590    282.353  1.27828e+03 -1.81062e+03 -5.32346e+02  8.24115e+01
  4600    287.650  1.30226e+03 -1.80471e+03 -5.02450e+02  8.42614e+01
  4610    293.362  1.32811e+03 -1.80020e+03 -4.72089e+02  8.60580e+01
  4620    298.776  1.35263e+03 -1.79298e+03 -4.40358e+02  8.81571e+01
  4630    303.680  1.37483e+03 -1.78279e+03 -4.07963e+02  9.05976e+01
  4640    308.502  1.39666e+03 -1.77159e+03 -3.74928e+02  9.31912e+01
  4650    313.390  1.41879e+03 -1.76085e+03 -3.42062e+02  9.58140e+01
  4660    318.322  1.44112e+03 -1.75028e+03 -3.09161e+02  9.84752e+01
  4670    323.369  1.46396e+03 -1.74077e+03 -2.76801e+02  1.01110e+02
  4680    327.400  1.48222e+03 -1.72737e+03 -2.45159e+02  1.04162e+02
  4690    329.426  1.49138e+03 -1.70567e+03 -2.14289e+02  1.07990e+02
  4700    330.708  1.49719e+03 -1.68226e+03 -1.85068e+02  1.11952e+02
  4710    333.454  1.50962e+03 -1.66700e+03 -1.57379e+02  1.15082e+02
  4720    338.094  1.53063e+03 -1.66125e+03 -1.30626e+02  1.17210e+02
  4730    342.902  1.55239e+03 -1.65752e+03 -1.05125e+02  1.19019e+02
  4740    346.822  1.57014e+03 -1.65187e+03 -8.17321e+01  1.20884e+02
  4750    350.529  1.58693e+03 -1.64778e+03 -6.08575e+01  1.22485e+02
  4760    354.957  1.60697e+03 -1.64901e+03 -4.20427e+01  1.23452e+02
  4770    359.522  1.62764e+03 -1.65373e+03 -2.60986e+01  1.23983e+02
  4780    362.691  1.64198e+03 -1.65516e+03 -1.31788e+01  1.24718e+02
  4790    363.513  1.64570e+03 -1.64918e+03 -3.47210e+00  1.26031e+02
  4800    362.631  1.64171e+03 -1.63909e+03  2.61944e+00  1.27571e+02
  4810    362.274  1.64010e+03 -1.63462e+03  5.48071e+00  1.28359e+02
  4820    363.512  1.64570e+03 -1.64083e+03  4.87428e+00  1.27872e+02
  4830    365.418  1.65433e+03 -1.65351e+03  8.25443e-01  1.26482e+02
  4840    367.278  1.66275e+03 -1.66968e+03 -6.93030e+00  1.24521e+02
  4850    367.975  1.66590e+03 -1.68466e+03 -1.87524e+01  1.22520e+02
  4860    365.843  1.65625e+03 -1.68992e+03 -3.36639e+01  1.21312e+02
  4870    360.858  1.63368e+03 -1.68612e+03 -5.24403e+01  1.20920e+02
  4880    354.622  1.60545e+03 -1.67984e+03 -7.43902e+01  1.20750e+02
  4890    348.067  1.57578e+03 -1.67435e+03 -9.85698e+01  1.20468e+02
  4900    341.646  1.54671e+03 -1.67156e+03 -1.24850e+02  1.19887e+02
  4910    335.133  1.51722e+03 -1.67018e+03 -1.52962e+02  1.19133e+02
  4920    327.591  1.48308e+03 -1.66487e+03 -1.81791e+02  1.18704e+02
  4930    319.059  1.44445e+03 -1.65601e+03 -2.11560e+02  1.18606e+02
  4940    310.479  1.40561e+03 -1.64697e+03 -2.41366e+02  1.18508e+02
  4950    302.980  1.37166e+03 -1.64252e+03 -2.70864e+02  1.17955e+02
  4960    296.768  1.34354e+03 -1.64334e+03 -2.99798e+02  1.16865e+02
  4970    291.051  1.31765e+03 -1.64572e+03 -3.28069e+02  1.15561e+02
  4980    285.469  1.29238e+03 -1.64777e+03 -3.55393e+02  1.14202e+02
  4990    280.419  1.26952e+03 -1.65072e+03 -3.81198e+02  1.12645e+02
  5000    276.136  1.25013e+03 -1.65610e+03 -4.05964e+02  1.10757e+02
  5010    272.494  1.23364e+03 -1.66320e+03 -4.29560e+02  1.08603e+02
  5020    269.332  1.21932e+03 -1.67104e+03 -4.51712e+02  1.06294e+02
  5030    266.635  1.20712e+03 -1.67963e+03 -4.72512e+02  1.03872e+02
  5040    264.705  1.19838e+03 -1.69019e+03 -4.91807e+02  1.01262e+02
  5050    263.680  1.19374e+03 -1.70328e+03 -5.09542e+02  9.84400e+01
  5060    263.370  1.19233e+03 -1.71826e+03 -5.25922e+02  9.54996e+01
  5070    263.488  1.19287e+03 -1.73334e+03 -5.40469e+02  9.26127e+01
  5080    264.051  1.19542e+03 -1.74909e+03 -5.53670e+02  8.97697e+01
  5090    265.300  1.20107e+03 -1.76643e+03 -5.65354e+02  8.69171e+01
  5100    266.675  1.20730e+03 -1.78334e+03 -5.76041e+02  8.42967e+01
  5110    266.974  1.20865e+03 -1.79362e+03 -5.84965e+02  8.24938e+01
  5120    265.530  1.20211e+03 -1.79465e+03 -5.92543e+02  8.17813e+01
  5130    262.728  1.18943e+03 -1.78827e+03 -5.98845e+02  8.19786e+01
  5140    259.711  1.17577e+03 -1.77920e+03 -6.03435e+02  8.25834e+01
  5150    257.890  1.16753e+03 -1.77427e+03 -6.06742e+02  8.29111e+01
  5160    258.259  1.16920e+03 -1.77769e+03 -6.08499e+02  8.25086e+01
  5170    260.792  1.18067e+03 -1.78881e+03 -6.08146e+02  8.14000e+01
  5180    264.674  1.19824e+03 -1.80451e+03 -6.06272e+02  7.99143e+01
  5190    268.650  1.21624e+03 -1.81932e+03 -6.03081e+02  7.86183e+01
  5200    271.340  1.22842e+03 -1.82721e+03 -5.98795e+02  7.81341e+01
  5210    271.867  1.23080e+03 -1.82397e+03 -5.93165e+02  7.88855e+01
  5220    270.376  1.22405e+03 -1.81043e+03 -5.86376e+02  8.08067e+01
  5230    267.832  1.21253e+03 -1.79080e+03 -5.78263e+02  8.34679e+01
  5240    265.405  1.20155e+03 -1.77083e+03 -5.69282e+02  8.62769e+01
  5250    264.381  1.19691e+03 -1.75565e+03 -5.58737e+02  8.86482e+01
  5260    265.593  1.20240e+03 -1.74962e+03 -5.47225e+02  9.01164e+01
  5270    269.188  1.21868e+03 -1.75245e+03 -5.33772e+02  9.06282e+01
  5280    275.151  1.24567e+03 -1.76476e+03 -5.19091e+02  9.01535e+01
  5290    282.318  1.27812e+03 -1.78053e+03 -5.02407e+02  8.92777e+01
  5300    288.556  1.30636e+03 -1.79086e+03 -4.84497e+02  8.89064e+01
  5310    293.017  1.32655e+03 -1.79251e+03 -4.65952e+02  8.94012e+01
  5320    296.577  1.34267e+03 -1.78952e+03 -4.46854e+02  9.04003e+01
  5330    300.445  1.36018e+03 -1.78758e+03 -4.27398e+02  9.13689e+01
  5340    304.792  1.37986e+03 -1.78733e+03 -4.07464e+02  9.22100e+01
  5350    309.216  1.39989e+03 -1.78716e+03 -3.87269e+02  9.30401e+01
  5360    313.991  1.42151e+03 -1.78915e+03 -3.67644e+02  9.36707e+01
  5370    319.273  1.44542e+03 -1.79374e+03 -3.48321e+02  9.40487e+01
  5380    324.079  1.46718e+03 -1.79688e+03 -3.29705e+02  9.45683e+01
  5390    327.485  1.48260e+03 -1.79455e+03 -3.11949e+02  9.56197e+01
  5400    329.401  1.49127e+03 -1.78630e+03 -2.95029e+02  9.72504e+01
  5410    330.148  1.49465e+03 -1.77434e+03 -2.79691e+02  9.92751e+01
  5420    329.571  1.49204e+03 -1.75805e+03 -2.66011e+02  1.01722e+02
  5430    327.322  1.48186e+03 -1.73563e+03 -2.53770e+02  1.04678e+02
  5440    324.806  1.47047e+03 -1.71346e+03 -2.42989e+02  1.07463e+02
  5450    325.341  1.47289e+03 -1.70646e+03 -2.33574e+02  1.08639e+02
  5460    329.683  1.49255e+03 -1.71794e+03 -2.25389e+02  1.07890e+02
  5470    335.442  1.51862e+03 -1.73717e+03 -2.18550e+02  1.06257e+02
  5480    340.011  1.53931e+03 -1.75257e+03 -2.13263e+02  1.04906e+02
  5490    341.728  1.54708e+03 -1.75727e+03 -2.10195e+02  1.04565e+02
  5500    340.258  1.54043e+03 -1.74935e+03 -2.08920e+02  1.05414e+02
  5510    336.675  1.52420e+03 -1.73375e+03 -2.09545e+02  1.06961e+02
  5520    332.955  1.50736e+03 -1.71953e+03 -2.12163e+02  1.08309e+02
  5530    330.444  1.49599e+03 -1.71232e+03 -2.16321e+02  1.08862e+02
  5540    329.186  1.49030e+03 -1.71198e+03 -2.21681e+02  1.08577e+02
  5550    328.905  1.48903e+03 -1.71794e+03 -2.28911e+02  1.07519e+02
  5560    329.074  1.48979e+03 -1.72712e+03 -2.37325e+02  1.05972e+02
  5570    328.947  1.48922e+03 -1.73691e+03 -2.47692e+02  1.04236e+02
  5580    327.956  1.48473e+03 -1.74359e+03 -2.58858e+02  1.02661e+02
  5590    325.923  1.47553e+03 -1.74696e+03 -2.71435e+02  1.01325e+02
  5600    322.543  1.46022e+03 -1.74534e+03 -2.85116e+02  1.00398e+02
  5610    318.187  1.44050e+03 -1.74042e+03 -2.99915e+02  9.97342e+01
  5620    314.456  1.42361e+03 -1.73892e+03 -3.15303e+02  9.87115e+01
  5630    312.183  1.41332e+03 -1.74491e+03 -3.31585e+02  9.69764e+01
  5640    311.159  1.40869e+03 -1.75672e+03 -3.48031e+02  9.46922e+01
  5650    310.427  1.40537e+03 -1.77050e+03 -3.65131e+02  9.22822e+01
  5660    308.881  1.39837e+03 -1.78078e+03 -3.82401e+02  9.02961e+01
  5670    305.769  1.38428e+03 -1.78428e+03 -3.99995e+02  8.90864e+01
  5680    301.144  1.36335e+03 -1.78086e+03 -4.17509e+02  8.86737e+01
  5690    295.802  1.33916e+03 -1.77399e+03 -4.34829e+02  8.87257e+01
  5700    290.360  1.31453e+03 -1.76641e+03 -4.51879e+02  8.89469e+01
  5710    285.208  1.29120e+03 -1.75917e+03 -4.67969e+02  8.91620e+01
  5720    281.414  1.27402e+03 -1.75741e+03 -4.83384e+02  8.88669e+01
  5730    279.804  1.26673e+03 -1.76444e+03 -4.97709e+02  8.77386e+01
  5740    279.402  1.26492e+03 -1.77581e+03 -5.10891e+02  8.62207e+01
  5750    278.760  1.26201e+03 -1.78572e+03 -5.23711e+02  8.49350e+01
  5760    277.236  1.25511e+03 -1.79000e+03 -5.34895e+02  8.42841e+01
  5770    274.605  1.24320e+03 -1.78869e+03 -5.45491e+02  8.43141e+01
  5780    271.010  1.22692e+03 -1.78153e+03 -5.54604e+02  8.49978e+01
  5790    267.639  1.21166e+03 -1.77383e+03 -5.62163e+02  8.57956e+01
  5800    266.036  1.20440e+03 -1.77319e+03 -5.68786e+02  8.59808e+01
  5810    266.075  1.20458e+03 -1.77845e+03 -5.73864e+02  8.56139e+01
  5820    266.607  1.20699e+03 -1.78433e+03 -5.77334e+02  8.51817e+01
  5830    266.991  1.20873e+03 -1.78862e+03 -5.79895e+02  8.49353e+01
  5840    267.026  1.20889e+03 -1.78970e+03 -5.80816e+02  8.50277e+01
  5850    266.557  1.20676e+03 -1.78752e+03 -5.80756e+02  8.54889e+01
  5860    265.864  1.20363e+03 -1.78277e+03 -5.79139e+02  8.62284e+01
  5870    265.355  1.20132e+03 -1.77759e+03 -5.76270e+02  8.70379e+01
  5880    264.956  1.19951e+03 -1.77170e+03 -5.72189e+02  8.79161e+01
  5890    264.979  1.19962e+03 -1.76582e+03 -5.66197e+02  8.87476e+01
  5900    266.262  1.20543e+03 -1.76441e+03 -5.58985e+02  8.91288e+01
  5910    269.090  1.21823e+03 -1.76896e+03 -5.50733e+02  8.89388e+01
  5920    272.616  1.23419e+03 -1.77508e+03 -5.40883e+02  8.85903e+01
  5930    275.923  1.24917e+03 -1.77878e+03 -5.29617e+02  8.84811e+01
  5940    279.031  1.26324e+03 -1.78080e+03 -5.17562e+02  8.85859e+01
  5950    282.032  1.27682e+03 -1.78101e+03 -5.04190e+02  8.88993e+01
  5960    285.037  1.29043e+03 -1.78030e+03 -4.89875e+02  8.93420e+01
  5970    288.428  1.30578e+03 -1.78036e+03 -4.74583e+02  8.97558e+01
  5980    291.887  1.32144e+03 -1.77993e+03 -4.58491e+02  9.02608e+01
  5990    294.437  1.33298e+03 -1.77484e+03 -4.41853e+02  9.12272e+01
  6000    296.294  1.34139e+03 -1.76674e+03 -4.25352e+02  9.24887e+01
  6010    299.078  1.35399e+03 -1.76243e+03 -4.08434e+02  9.33746e+01
  6020    303.568  1.37432e+03 -1.76575e+03 -3.91425e+02  9.35301e+01
  6030    309.067  1.39922e+03 -1.77362e+03 -3.74402e+02  9.32681e+01
  6040    314.515  1.42388e+03 -1.78073e+03 -3.56854e+02  9.31304e+01
  6050    318.606  1.44240e+03 -1.78211e+03 -3.39710e+02  9.36789e+01
  6060    319.384  1.44592e+03 -1.76938e+03 -3.23455e+02  9.57289e+01
  6070    316.366  1.43226e+03 -1.74051e+03 -3.08251e+02  9.94285e+01
  6080    312.921  1.41666e+03 -1.71074e+03 -2.94082e+02  1.03296e+02
  6090    312.654  1.41545e+03 -1.69616e+03 -2.80711e+02  1.05775e+02
  6100    314.181  1.42237e+03 -1.68954e+03 -2.67172e+02  1.07429e+02
  6110    315.799  1.42969e+03 -1.68399e+03 -2.54298e+02  1.08874e+02
  6120    318.342  1.44121e+03 -1.68416e+03 -2.42957e+02  1.09688e+02
  6130    322.324  1.45923e+03 -1.69071e+03 -2.31479e+02  1.09749e+02
  6140    326.057  1.47613e+03 -1.69745e+03 -2.21320e+02  1.09664e+02
  6150    328.280  1.48620e+03 -1.69874e+03 -2.12546e+02  1.09951e+02
  6160    330.205  1.49491e+03 -1.70000e+03 -2.05092e+02  1.10122e+02
  6170    332.613  1.50581e+03 -1.70503e+03 -1.99214e+02  1.09847e+02
  6180    334.386  1.51384e+03 -1.70826e+03 -1.94417e+02  1.09635e+02
  6190    334.568  1.51467e+03 -1.70623e+03 -1.91560e+02  1.09836e+02
  6200    333.541  1.51002e+03 -1.70038e+03 -1.90363e+02  1.10281e+02
  6210    333.808  1.51122e+03 -1.70207e+03 -1.90847e+02  1.09893e+02
  6220    337.527  1.52806e+03 -1.72104e+03 -1.92983e+02  1.07784e+02
  6230    342.714  1.55154e+03 -1.74880e+03 -1.97258e+02  1.04800e+02
  6240    345.474  1.56404e+03 -1.76765e+03 -2.03611e+02  1.02649e+02
  6250    344.106  1.55785e+03 -1.77023e+03 -2.12386e+02  1.02084e+02
  6260    339.341  1.53627e+03 -1.75971e+03 -2.23441e+02  1.02821e+02
  6270    332.988  1.50751e+03 -1.74364e+03 -2.36129e+02  1.04102e+02
  6280    327.008  1.48044e+03 -1.73085e+03 -2.50410e+02  1.05065e+02
  6290    322.449  1.45980e+03 -1.72523e+03 -2.65428e+02  1.05303e+02
  6300    318.618  1.44246e+03 -1.72363e+03 -2.81169e+02  1.05119e+02
  6310    314.309  1.42295e+03 -1.72083e+03 -2.97883e+02  1.05030e+02
  6320    309.136  1.39953e+03 -1.71427e+03 -3.14739e+02  1.05284e+02
  6330    303.618  1.37455e+03 -1.70677e+03 -3.32226e+02  1.05648e+02
  6340    298.463  1.35121e+03 -1.70064e+03 -3.49426e+02  1.05885e+02
  6350    293.556  1.32899e+03 -1.69493e+03 -3.65940e+02  1.06049e+02
  6360    288.809  1.30750e+03 -1.68934e+03 -3.81840e+02  1.06147e+02
  6370    285.114  1.29078e+03 -1.68813e+03 -3.97351e+02  1.05783e+02
  6380    283.041  1.28139e+03 -1.69364e+03 -4.12247e+02  1.04736e+02
  6390    281.862  1.27605e+03 -1.70223e+03 -4.26173e+02  1.03348e+02
  6400    280.589  1.27029e+03 -1.70943e+03 -4.39137e+02  1.02063e+02
  6410    278.964  1.26293e+03 -1.71395e+03 -4.51020e+02  1.01024e+02
  6420    277.119  1.25458e+03 -1.71657e+03 -4.61992e+02  1.00178e+02
  6430    275.137  1.24561e+03 -1.71787e+03 -4.72262e+02  9.94629e+01
  6440    273.580  1.23856e+03 -1.72018e+03 -4.81623e+02  9.86380e+01
  6450    273.635  1.23881e+03 -1.72875e+03 -4.89943e+02  9.72119e+01
  6460    275.766  1.24845e+03 -1.74554e+03 -4.97084e+02  9.50283e+01
  6470    278.618  1.26137e+03 -1.76436e+03 -5.02990e+02  9.27155e+01
  6480    279.903  1.26719e+03 -1.77527e+03 -5.08084e+02  9.12700e+01
  6490    278.231  1.25961e+03 -1.77185e+03 -5.12239e+02  9.13143e+01
  6500    274.331  1.24196e+03 -1.75695e+03 -5.14998e+02  9.25443e+01
  6510    270.689  1.22547e+03 -1.74276e+03 -5.17289e+02  9.37892e+01
  6520    269.337  1.21935e+03 -1.73722e+03 -5.17870e+02  9.41924e+01
  6530    270.116  1.22288e+03 -1.74040e+03 -5.17523e+02  9.37146e+01
  6540    271.739  1.23022e+03 -1.74642e+03 -5.16201e+02  9.28784e+01
  6550    273.755  1.23935e+03 -1.75296e+03 -5.13611e+02  9.18955e+01
  6560    276.869  1.25345e+03 -1.76298e+03 -5.09535e+02  9.04997e+01
  6570    281.994  1.27665e+03 -1.78112e+03 -5.04467e+02  8.83189e+01
  6580    288.147  1.30451e+03 -1.80316e+03 -4.98657e+02  8.58108e+01
  6590    293.113  1.32699e+03 -1.81904e+03 -4.92050e+02  8.39739e+01
  6600    295.618  1.33833e+03 -1.82310e+03 -4.84766e+02  8.33902e+01
  6610    295.936  1.33977e+03 -1.81712e+03 -4.77350e+02  8.39181e+01
  6620    296.091  1.34047e+03 -1.81031e+03 -4.69841e+02  8.46957e+01
  6630    297.177  1.34539e+03 -1.80809e+03 -4.62704e+02  8.52253e+01
  6640    298.078  1.34946e+03 -1.80462e+03 -4.55159e+02  8.60289e+01
  6650    297.170  1.34535e+03 -1.79244e+03 -4.47082e+02  8.78133e+01
  6660    293.557  1.32900e+03 -1.76817e+03 -4.39174e+02  9.08976e+01
  6670    287.834  1.30309e+03 -1.73373e+03 -4.30642e+02  9.50122e+01
  6680    283.370  1.28288e+03 -1.70519e+03 -4.22313e+02  9.86127e+01
  6690    283.269  1.28242e+03 -1.69599e+03 -4.13565e+02  1.00383e+02
  6700    286.141  1.29543e+03 -1.69929e+03 -4.03863e+02  1.00895e+02
  6710    290.185  1.31373e+03 -1.70690e+03 -3.93164e+02  1.00916e+02
  6720    294.233  1.33206e+03 -1.71417e+03 -3.82109e+02  1.00931e+02
  6730    297.059  1.34485e+03 -1.71533e+03 -3.70480e+02  1.01482e+02
  6740    298.734  1.35244e+03 -1.71101e+03 -3.58573e+02  1.02524e+02
  6750    300.578  1.36078e+03 -1.70697e+03 -3.46191e+02  1.03510e+02
  6760    303.767  1.37522e+03 -1.70962e+03 -3.34397e+02  1.03873e+02
  6770    308.246  1.39550e+03 -1.71778e+03 -3.22275e+02  1.03693e+02
  6780    312.779  1.41602e+03 -1.72667e+03 -3.10649e+02  1.03464e+02
  6790    315.300  1.42744e+03 -1.72672e+03 -2.99283e+02  1.04081e+02
  6800    314.874  1.42551e+03 -1.71388e+03 -2.88373e+02  1.05906e+02
  6810    313.553  1.41953e+03 -1.69775e+03 -2.78227e+02  1.08023e+02
  6820    314.095  1.42198e+03 -1.69074e+03 -2.68766e+02  1.09252e+02
  6830    316.180  1.43142e+03 -1.69149e+03 -2.60069e+02  1.09698e+02
  6840    317.945  1.43941e+03 -1.69134e+03 -2.51930e+02  1.10161e+02
  6850    318.839  1.44345e+03 -1.68791e+03 -2.44460e+02  1.10891e+02
  6860    319.098  1.44463e+03 -1.68238e+03 -2.37750e+02  1.11795e+02
  6870    318.672  1.44270e+03 -1.67499e+03 -2.32287e+02  1.12838e+02
  6880    317.963  1.43949e+03 -1.66714e+03 -2.27652e+02  1.13824e+02
  6890    318.286  1.44095e+03 -1.66529e+03 -2.24340e+02  1.14122e+02
  6900    320.398  1.45051e+03 -1.67196e+03 -2.21451e+02  1.13433e+02
  6910    323.897  1.46636e+03 -1.68570e+03 -2.19341e+02  1.11898e+02
  6920    327.732  1.48372e+03 -1.70197e+03 -2.18251e+02  1.09970e+02
  6930    330.915  1.49813e+03 -1.71704e+03 -2.18913e+02  1.08060e+02
  6940    333.297  1.50891e+03 -1.72989e+03 -2.20974e+02  1.06303e+02
  6950    334.527  1.51448e+03 -1.73923e+03 -2.24748e+02  1.04862e+02
  6960    334.015  1.51216e+03 -1.74251e+03 -2.30345e+02  1.04002e+02
  6970    331.896  1.50257e+03 -1.73976e+03 -2.37188e+02  1.03724e+02
  6980    328.410  1.48679e+03 -1.73273e+03 -2.45942e+02  1.03904e+02
  6990    323.713  1.46552e+03 -1.72169e+03 -2.56166e+02  1.04509e+02
  7000    318.702  1.44284e+03 -1.70983e+03 -2.66991e+02  1.05219e+02
  7010    314.278  1.42281e+03 -1.70145e+03 -2.78641e+02  1.05633e+02
  7020    310.664  1.40644e+03 -1.69737e+03 -2.90927e+02  1.05650e+02
  7030    307.848  1.39370e+03 -1.69718e+03 -3.03477e+02  1.05284e+02
  7040    305.443  1.38281e+03 -1.69885e+03 -3.16036e+02  1.04723e+02
  7050    302.476  1.36938e+03 -1.69820e+03 -3.28824e+02  1.04380e+02
  7060    298.212  1.35007e+03 -1.69184e+03 -3.41771e+02  1.04582e+02
  7070    293.403  1.32830e+03 -1.68226e+03 -3.53952e+02  1.05063e+02
  7080    290.980  1.31733e+03 -1.68370e+03 -3.66369e+02  1.04530e+02
  7090    290.856  1.31677e+03 -1.69474e+03 -3.77966e+02  1.03062e+02
  7100    291.012  1.31748e+03 -1.70687e+03 -3.89388e+02  1.01468e+02
  7110    291.117  1.31795e+03 -1.71802e+03 -4.00069e+02  9.99762e+01
  7120    290.742  1.31626e+03 -1.72660e+03 -4.10347e+02  9.87905e+01
  7130    289.051  1.30860e+03 -1.72864e+03 -4.20043e+02  9.82984e+01
  7140    286.150  1.29547e+03 -1.72473e+03 -4.29264e+02  9.84556e+01
  7150    283.073  1.28154e+03 -1.71933e+03 -4.37799e+02  9.88290e+01
  7160    280.695  1.27077e+03 -1.71673e+03 -4.45965e+02  9.90042e+01
  7170    279.065  1.26339e+03 -1.71660e+03 -4.53211e+02  9.89642e+01
  7180    278.012  1.25862e+03 -1.71805e+03 -4.59433e+02  9.87719e+01
  7190    277.805  1.25768e+03 -1.72201e+03 -4.64328e+02  9.83375e+01
  7200    278.472  1.26071e+03 -1.72948e+03 -4.68774e+02  9.76168e+01
  7210    279.104  1.26357e+03 -1.73588e+03 -4.72314e+02  9.70453e+01
  7220    278.700  1.26174e+03 -1.73684e+03 -4.75098e+02  9.70556e+01
  7230    277.266  1.25524e+03 -1.73197e+03 -4.76723e+02  9.76735e+01
  7240    275.417  1.24687e+03 -1.72429e+03 -4.77419e+02  9.86009e+01
  7250    273.711  1.23915e+03 -1.71579e+03 -4.76640e+02  9.95954e+01
  7260    272.826  1.23514e+03 -1.71022e+03 -4.75072e+02  1.00298e+02
  7270    273.377  1.23764e+03 -1.71010e+03 -4.72462e+02  1.00460e+02
  7280    275.121  1.24553e+03 -1.71397e+03 -4.68434e+02  1.00222e+02
  7290    276.644  1.25243e+03 -1.71618e+03 -4.63754e+02  1.00148e+02
  7300    276.644  1.25243e+03 -1.71049e+03 -4.58063e+02  1.00795e+02
  7310    275.953  1.24930e+03 -1.70053e+03 -4.51228e+02  1.01788e+02
  7320    277.151  1.25473e+03 -1.69840e+03 -4.43670e+02  1.01981e+02
  7330    281.266  1.27335e+03 -1.70817e+03 -4.34818e+02  1.00956e+02
  7340    287.264  1.30051e+03 -1.72562e+03 -4.25110e+02  9.91266e+01
  7350    294.230  1.33204e+03 -1.74661e+03 -4.14567e+02  9.69191e+01
  7360    301.513  1.36502e+03 -1.76823e+03 -4.03209e+02  9.46617e+01
  7370    308.554  1.39689e+03 -1.78869e+03 -3.91797e+02  9.26007e+01
  7380    314.474  1.42369e+03 -1.80414e+03 -3.80447e+02  9.11483e+01
  7390    317.608  1.43788e+03 -1.80753e+03 -3.69652e+02  9.09854e+01
  7400    317.311  1.43654e+03 -1.79604e+03 -3.59499e+02  9.23417e+01
  7410    315.001  1.42608e+03 -1.77653e+03 -3.50457e+02  9.45161e+01
  7420    313.006  1.41705e+03 -1.75913e+03 -3.42083e+02  9.64600e+01
  7430    312.934  1.41672e+03 -1.75138e+03 -3.34654e+02  9.74014e+01
  7440    314.755  1.42497e+03 -1.75260e+03 -3.27633e+02  9.73457e+01
  7450    317.457  1.43720e+03 -1.75797e+03 -3.20769e+02  9.67394e+01
  7460    320.283  1.44999e+03 -1.76521e+03 -3.15214e+02  9.58701e+01
  7470    322.964  1.46213e+03 -1.77271e+03 -3.10579e+02  9.49233e+01
  7480    325.502  1.47362e+03 -1.78066e+03 -3.07036e+02  9.39350e+01
  7490    327.102  1.48087e+03 -1.78541e+03 -3.04548e+02  9.32773e+01
  7500    326.818  1.47958e+03 -1.78272e+03 -3.03144e+02  9.33636e+01
  7510    325.140  1.47198e+03 -1.77511e+03 -3.03123e+02  9.39817e+01
  7520    323.200  1.46320e+03 -1.76724e+03 -3.04042e+02  9.46883e+01
  7530    320.998  1.45323e+03 -1.75966e+03 -3.06430e+02  9.54390e+01
  7540    318.182  1.44048e+03 -1.75005e+03 -3.09572e+02  9.64076e+01
  7550    315.515  1.42841e+03 -1.74189e+03 -3.13484e+02  9.72570e+01
  7560    313.231  1.41807e+03 -1.73658e+03 -3.18510e+02  9.78267e+01
  7570    311.665  1.41098e+03 -1.73493e+03 -3.23950e+02  9.79764e+01
  7580    312.657  1.41547e+03 -1.74538e+03 -3.29917e+02  9.69424e+01
  7590    315.437  1.42805e+03 -1.76412e+03 -3.36068e+02  9.51058e+01
  7600    316.728  1.43390e+03 -1.77715e+03 -3.43253e+02  9.38204e+01
  7610    315.999  1.43060e+03 -1.78188e+03 -3.51279e+02  9.33711e+01
  7620    314.017  1.42162e+03 -1.78194e+03 -3.60315e+02  9.34439e+01
  7630    311.172  1.40875e+03 -1.77871e+03 -3.69969e+02  9.38855e+01
  7640    307.899  1.39393e+03 -1.77360e+03 -3.79672e+02  9.45252e+01
  7650    305.187  1.38165e+03 -1.77126e+03 -3.89613e+02  9.49135e+01
  7660    303.590  1.37442e+03 -1.77448e+03 -4.00060e+02  9.47810e+01
  7670    302.460  1.36930e+03 -1.77940e+03 -4.10097e+02  9.44478e+01
  7680    300.571  1.36075e+03 -1.78127e+03 -4.20521e+02  9.43811e+01
  7690    297.671  1.34762e+03 -1.77833e+03 -4.30704e+02  9.47316e+01
  7700    294.873  1.33496e+03 -1.77569e+03 -4.40733e+02  9.50404e+01
  7710    292.399  1.32376e+03 -1.77434e+03 -4.50582e+02  9.52251e+01
  7720    289.062  1.30865e+03 -1.76858e+03 -4.59926e+02  9.58031e+01
  7730    284.502  1.28800e+03 -1.75679e+03 -4.68788e+02  9.69249e+01
  7740    279.610  1.26586e+03 -1.74271e+03 -4.76852e+02  9.82259e+01
  7750    275.469  1.24711e+03 -1.73063e+03 -4.83525e+02  9.92655e+01
  7760    272.636  1.23429e+03 -1.72371e+03 -4.89430e+02  9.97422e+01
  7770    271.495  1.22912e+03 -1.72326e+03 -4.94143e+02  9.95025e+01
  7780    272.250  1.23254e+03 -1.72992e+03 -4.97381e+02  9.84897e+01
  7790    274.246  1.24157e+03 -1.74120e+03 -4.99628e+02  9.69875e+01
  7800    276.173  1.25030e+03 -1.75129e+03 -5.00992e+02  9.55847e+01
  7810    277.185  1.25488e+03 -1.75637e+03 -5.01489e+02  9.46641e+01
  7820    278.014  1.25863e+03 -1.75923e+03 -5.00597e+02  9.39674e+01
  7830    279.575  1.26570e+03 -1.76491e+03 -4.99213e+02  9.30624e+01
  7840    281.859  1.27604e+03 -1.77271e+03 -4.96665e+02  9.20130e+01
  7850    284.181  1.28655e+03 -1.78026e+03 -4.93711e+02  9.10963e+01
  7860    285.680  1.29334e+03 -1.78271e+03 -4.89374e+02  9.07629e+01
  7870    286.233  1.29584e+03 -1.78065e+03 -4.84811e+02  9.10077e+01
  7880    286.042  1.29498e+03 -1.77461e+03 -4.79638e+02  9.17560e+01
  7890    285.095  1.29069e+03 -1.76433e+03 -4.73638e+02  9.29887e+01
  7900    283.626  1.28404e+03 -1.75091e+03 -4.66867e+02  9.45542e+01
  7910    282.851  1.28053e+03 -1.74033e+03 -4.59796e+02  9.58684e+01
  7920    284.651  1.28868e+03 -1.74060e+03 -4.51922e+02  9.61514e+01
  7930    289.533  1.31078e+03 -1.75384e+03 -4.43056e+02  9.52162e+01
  7940    295.119  1.33607e+03 -1.76996e+03 -4.33893e+02  9.40530e+01
  7950    298.789  1.35269e+03 -1.77680e+03 -4.24110e+02  9.38204e+01
  7960    300.213  1.35913e+03 -1.77344e+03 -4.14308e+02  9.46497e+01
  7970    300.449  1.36020e+03 -1.76421e+03 -4.04014e+02  9.61159e+01
  7980    300.583  1.36081e+03 -1.75528e+03 -3.94470e+02  9.76567e+01
  7990    300.859  1.36205e+03 -1.74667e+03 -3.84613e+02  9.91963e+01
  8000    301.070  1.36301e+03 -1.73772e+03 -3.74712e+02  1.00762e+02
  8010    301.632  1.36556e+03 -1.73066e+03 -3.65099e+02  1.02123e+02
  8020    303.126  1.37232e+03 -1.72770e+03 -3.55381e+02  1.03038e+02
  8030    305.235  1.38187e+03 -1.72740e+03 -3.45537e+02  1.03639e+02
  8040    306.966  1.38970e+03 -1.72570e+03 -3.35996e+02  1.04329e+02
  8050    307.756  1.39328e+03 -1.71972e+03 -3.26437e+02  1.05374e+02
  8060    308.315  1.39581e+03 -1.71306e+03 -3.17244e+02  1.06442e+02
  8070    310.625  1.40627e+03 -1.71455e+03 -3.08282e+02  1.06697e+02
  8080    314.735  1.42488e+03 -1.72495e+03 -3.00073e+02  1.06067e+02
  8090    318.066  1.43995e+03 -1.73199e+03 -2.92039e+02  1.05642e+02
  8100    319.627  1.44702e+03 -1.73191e+03 -2.84888e+02  1.05785e+02
  8110    320.915  1.45286e+03 -1.73174e+03 -2.78885e+02  1.05859e+02
  8120    323.799  1.46591e+03 -1.73977e+03 -2.73864e+02  1.05113e+02
  8130    327.877  1.48437e+03 -1.75465e+03 -2.70277e+02  1.03721e+02
  8140    330.813  1.49766e+03 -1.76533e+03 -2.67669e+02  1.02731e+02
  8150    330.871  1.49793e+03 -1.76457e+03 -2.66638e+02  1.02871e+02
  8160    327.608  1.48315e+03 -1.75055e+03 -2.67398e+02  1.04327e+02
  8170    321.871  1.45718e+03 -1.72626e+03 -2.69076e+02  1.06778e+02
  8180    315.644  1.42899e+03 -1.70067e+03 -2.71678e+02  1.09348e+02
  8190    310.548  1.40592e+03 -1.68097e+03 -2.75046e+02  1.11303e+02
  8200    307.360  1.39149e+03 -1.67020e+03 -2.78713e+02  1.12287e+02
  8210    306.501  1.38760e+03 -1.67068e+03 -2.83077e+02  1.12076e+02
  8220    307.503  1.39213e+03 -1.67955e+03 -2.87419e+02  1.10918e+02
  8230    309.388  1.40067e+03 -1.69322e+03 -2.92545e+02  1.09205e+02
  8240    310.885  1.40745e+03 -1.70505e+03 -2.97606e+02  1.07567e+02
  8250    310.403  1.40526e+03 -1.70865e+03 -3.03381e+02  1.06640e+02
  8260    308.707  1.39758e+03 -1.70738e+03 -3.09795e+02  1.06109e+02
  8270    307.868  1.39379e+03 -1.70983e+03 -3.16044e+02  1.05152e+02
  8280    307.865  1.39377e+03 -1.71677e+03 -3.23002e+02  1.03706e+02
  8290    308.353  1.39598e+03 -1.72663e+03 -3.30642e+02  1.01931e+02
  8300    308.991  1.39887e+03 -1.73727e+03 -3.38392e+02  1.00030e+02
  8310    309.551  1.40141e+03 -1.74757e+03 -3.46163e+02  9.81370e+01
  8320    309.696  1.40206e+03 -1.75674e+03 -3.54678e+02  9.63821e+01
  8330    308.978  1.39881e+03 -1.76261e+03 -3.63801e+02  9.49866e+01
  8340    307.830  1.39361e+03 -1.76709e+03 -3.73477e+02  9.37985e+01
  8350    307.148  1.39053e+03 -1.77407e+03 -3.83541e+02  9.24799e+01
  8360    306.793  1.38892e+03 -1.78247e+03 -3.93553e+02  9.11444e+01
  8370    305.512  1.38312e+03 -1.78746e+03 -4.04339e+02  9.02942e+01
  8380    302.414  1.36910e+03 -1.78362e+03 -4.14520e+02  9.04044e+01
  8390    297.821  1.34830e+03 -1.77334e+03 -4.25038e+02  9.12768e+01
  8400    292.647  1.32488e+03 -1.75973e+03 -4.34851e+02  9.25517e+01
  8410    287.895  1.30336e+03 -1.74772e+03 -4.44360e+02  9.37244e+01
  8420    284.486  1.28793e+03 -1.74114e+03 -4.53204e+02  9.43797e+01
  8430    282.587  1.27934e+03 -1.74082e+03 -4.61480e+02  9.44145e+01
  8440    281.555  1.27466e+03 -1.74375e+03 -4.69084e+02  9.40979e+01
  8450    280.905  1.27172e+03 -1.74725e+03 -4.75533e+02  9.36698e+01
  8460    280.272  1.26885e+03 -1.74980e+03 -4.80944e+02  9.32757e+01
  8470    279.758  1.26653e+03 -1.75206e+03 -4.85535e+02  9.28487e+01
  8480    280.347  1.26919e+03 -1.75886e+03 -4.89665e+02  9.19519e+01
  8490    282.382  1.27841e+03 -1.77159e+03 -4.93181e+02  9.04649e+01
  8500    284.800  1.28935e+03 -1.78513e+03 -4.95779e+02  8.88889e+01
  8510    286.211  1.29574e+03 -1.79336e+03 -4.97622e+02  8.78465e+01
  8520    285.903  1.29435e+03 -1.79308e+03 -4.98732e+02  8.76715e+01
  8530    284.462  1.28782e+03 -1.78730e+03 -4.99472e+02  8.80997e+01
  8540    283.846  1.28503e+03 -1.78481e+03 -4.99778e+02  8.83090e+01
  8550    284.870  1.28967e+03 -1.78874e+03 -4.99074e+02  8.79838e+01
  8560    285.812  1.29394e+03 -1.79196e+03 -4.98024e+02  8.77904e+01
  8570    285.390  1.29202e+03 -1.78794e+03 -4.95914e+02  8.83008e+01
  8580    284.172  1.28651e+03 -1.77960e+03 -4.93089e+02  8.92468e+01
  8590    282.912  1.28081e+03 -1.77015e+03 -4.89349e+02  9.03033e+01
  8600    281.796  1.27575e+03 -1.76080e+03 -4.85044e+02  9.13456e+01
  8610    280.924  1.27180e+03 -1.75188e+03 -4.80070e+02  9.23200e+01
  8620    280.142  1.26826e+03 -1.74264e+03 -4.74371e+02  9.32681e+01
  8630    280.102  1.26809e+03 -1.73612e+03 -4.68030e+02  9.38842e+01
  8640    282.669  1.27970e+03 -1.74050e+03 -4.60801e+02  9.34072e+01
  8650    287.945  1.30359e+03 -1.75614e+03 -4.52546e+02  9.18419e+01
  8660    293.401  1.32829e+03 -1.77198e+03 -4.43686e+02  9.02793e+01
  8670    297.269  1.34580e+03 -1.78024e+03 -4.34443e+02  8.95129e+01
  8680    299.850  1.35749e+03 -1.78229e+03 -4.24798e+02  8.94706e+01
  8690    301.979  1.36713e+03 -1.78213e+03 -4.15001e+02  8.98164e+01
  8700    303.856  1.37563e+03 -1.78112e+03 -4.05498e+02  9.04512e+01
  8710    305.039  1.38098e+03 -1.77687e+03 -3.95888e+02  9.15891e+01
  8720    304.739  1.37962e+03 -1.76598e+03 -3.86352e+02  9.35271e+01
  8730    303.029  1.37188e+03 -1.74902e+03 -3.77146e+02  9.61661e+01
  8740    301.085  1.36308e+03 -1.73100e+03 -3.67924e+02  9.89545e+01
  8750    299.845  1.35747e+03 -1.71640e+03 -3.58934e+02  1.01392e+02
  8760    299.329  1.35513e+03 -1.70526e+03 -3.50133e+02  1.03385e+02
  8770    299.651  1.35659e+03 -1.69808e+03 -3.41494e+02  1.04826e+02
  8780    301.781  1.36623e+03 -1.69868e+03 -3.32443e+02  1.05332e+02
  8790    305.462  1.38290e+03 -1.70614e+03 -3.23243e+02  1.05021e+02
  8800    308.280  1.39565e+03 -1.70995e+03 -3.14294e+02  1.04908e+02
  8810    309.018  1.39899e+03 -1.70520e+03 -3.06212e+02  1.05478e+02
  8820    309.396  1.40070e+03 -1.69858e+03 -2.97879e+02  1.06074e+02
  8830    312.646  1.41542e+03 -1.70499e+03 -2.89570e+02  1.05331e+02
  8840    319.743  1.44755e+03 -1.72998e+03 -2.82434e+02  1.02820e+02
  8850    327.316  1.48183e+03 -1.75781e+03 -2.75973e+02  1.00049e+02
  8860    331.715  1.50175e+03 -1.77228e+03 -2.70530e+02  9.85980e+01
  8870    332.319  1.50449e+03 -1.77149e+03 -2.67001e+02  9.86968e+01
  8880    331.074  1.49885e+03 -1.76336e+03 -2.64512e+02  9.95559e+01
  8890    330.119  1.49452e+03 -1.75842e+03 -2.63896e+02  1.00161e+02
  8900    329.988  1.49393e+03 -1.75853e+03 -2.64595e+02  1.00261e+02
  8910    330.093  1.49441e+03 -1.76142e+03 -2.67015e+02  1.00046e+02
  8920    329.618  1.49225e+03 -1.76313e+03 -2.70877e+02  9.98855e+01
  8930    327.640  1.48330e+03 -1.75955e+03 -2.76254e+02  1.00181e+02
  8940    323.927  1.46649e+03 -1.74939e+03 -2.82899e+02  1.01059e+02
  8950    319.266  1.44539e+03 -1.73595e+03 -2.90563e+02  1.02199e+02
  8960    314.693  1.42469e+03 -1.72365e+03 -2.98965e+02  1.03158e+02
  8970    311.145  1.40862e+03 -1.71687e+03 -3.08244e+02  1.03508e+02
  8980    309.233  1.39997e+03 -1.71755e+03 -3.17581e+02  1.03043e+02
  8990    308.757  1.39781e+03 -1.72585e+03 -3.28035e+02  1.01821e+02
  9000    308.036  1.39455e+03 -1.73244e+03 -3.37891e+02  1.00708e+02
  9010    304.706  1.37947e+03 -1.72778e+03 -3.48309e+02  1.00667e+02
  9020    298.752  1.35252e+03 -1.71122e+03 -3.58700e+02  1.01744e+02
  9030    293.445  1.32849e+03 -1.69748e+03 -3.68988e+02  1.02544e+02
  9040    290.771  1.31639e+03 -1.69461e+03 -3.78226e+02  1.02225e+02
  9050    290.985  1.31735e+03 -1.70504e+03 -3.87684e+02  1.00560e+02
  9060    293.059  1.32674e+03 -1.72343e+03 -3.96683e+02  9.80444e+01
  9070    295.047  1.33574e+03 -1.74141e+03 -4.05667e+02  9.55322e+01
  9080    295.925  1.33972e+03 -1.75413e+03 -4.14414e+02  9.35498e+01
  9090    295.465  1.33764e+03 -1.76073e+03 -4.23088e+02  9.22384e+01
  9100    294.033  1.33115e+03 -1.76239e+03 -4.31235e+02  9.14943e+01
  9110    292.296  1.32329e+03 -1.76203e+03 -4.38740e+02  9.10423e+01
  9120    290.590  1.31557e+03 -1.76186e+03 -4.46291e+02  9.06872e+01
  9130    289.007  1.30840e+03 -1.76164e+03 -4.53237e+02  9.04203e+01
  9140    287.597  1.30202e+03 -1.76155e+03 -4.59537e+02  9.02223e+01
  9150    286.335  1.29630e+03 -1.76154e+03 -4.65239e+02  9.01003e+01
  9160    285.381  1.29199e+03 -1.76262e+03 -4.70637e+02  8.99693e+01
  9170    285.354  1.29186e+03 -1.76715e+03 -4.75290e+02  8.96182e+01
  9180    285.792  1.29384e+03 -1.77312e+03 -4.79277e+02  8.92732e+01
  9190    283.806  1.28485e+03 -1.76746e+03 -4.82604e+02  9.01596e+01
  9200    277.575  1.25665e+03 -1.74176e+03 -4.85116e+02  9.30141e+01
  9210    269.748  1.22121e+03 -1.70780e+03 -4.86590e+02  9.66565e+01
  9220    265.486  1.20192e+03 -1.68878e+03 -4.86862e+02  9.88356e+01
  9230    266.382  1.20597e+03 -1.69167e+03 -4.85705e+02  9.88142e+01
  9240    270.286  1.22365e+03 -1.70660e+03 -4.82952e+02  9.74767e+01
  9250    275.015  1.24505e+03 -1.72391e+03 -4.78862e+02  9.57612e+01
  9260    279.531  1.26550e+03 -1.73941e+03 -4.73908e+02  9.41274e+01
  9270    283.751  1.28461e+03 -1.75246e+03 -4.67855e+02  9.26710e+01
  9280    287.973  1.30372e+03 -1.76510e+03 -4.61384e+02  9.12622e+01
  9290    292.410  1.32381e+03 -1.77780e+03 -4.53996e+02  8.98798e+01
  9300    296.566  1.34262e+03 -1.78915e+03 -4.46532e+02  8.87234e+01
  9310    299.347  1.35521e+03 -1.79381e+03 -4.38599e+02  8.83050e+01
  9320    300.343  1.35972e+03 -1.79012e+03 -4.30403e+02  8.87953e+01
  9330    300.168  1.35893e+03 -1.78135e+03 -4.22419e+02  8.98951e+01
  9340    299.599  1.35635e+03 -1.77045e+03 -4.14100e+02  9.12816e+01
  9350    299.025  1.35375e+03 -1.75942e+03 -4.05667e+02  9.27322e+01
  9360    298.953  1.35343e+03 -1.75112e+03 -3.97690e+02  9.39495e+01
  9370    300.107  1.35865e+03 -1.74862e+03 -3.89968e+02  9.46040e+01
  9380    302.607  1.36997e+03 -1.75171e+03 -3.81734e+02  9.46777e+01
  9390    305.558  1.38333e+03 -1.75694e+03 -3.73613e+02  9.45189e+01
  9400    307.649  1.39280e+03 -1.75828e+03 -3.65480e+02  9.47063e+01
  9410    308.068  1.39469e+03 -1.75250e+03 -3.57805e+02  9.55518e+01
  9420    307.617  1.39265e+03 -1.74272e+03 -3.50065e+02  9.67250e+01
  9430    308.698  1.39754e+03 -1.74094e+03 -3.43399e+02  9.71417e+01
  9440    312.049  1.41271e+03 -1.74951e+03 -3.36793e+02  9.65768e+01
  9450    315.557  1.42860e+03 -1.75900e+03 -3.30404e+02  9.59526e+01
  9460    316.873  1.43455e+03 -1.75898e+03 -3.24421e+02  9.62956e+01
  9470    314.612  1.42432e+03 -1.74410e+03 -3.19780e+02  9.81259e+01
  9480    309.679  1.40199e+03 -1.71780e+03 -3.15811e+02  1.01041e+02
  9490    305.756  1.38422e+03 -1.69629e+03 -3.12068e+02  1.03448e+02
  9500    305.141  1.38144e+03 -1.68983e+03 -3.08387e+02  1.04329e+02
  9510    307.259  1.39103e+03 -1.69609e+03 -3.05053e+02  1.03890e+02
  9520    310.981  1.40788e+03 -1.71025e+03 -3.02365e+02  1.02637e+02
  9530    314.569  1.42413e+03 -1.72426e+03 -3.00129e+02  1.01383e+02
  9540    316.014  1.43067e+03 -1.72901e+03 -2.98343e+02  1.01024e+02
  9550    314.510  1.42386e+03 -1.72146e+03 -2.97606e+02  1.01866e+02
  9560    312.108  1.41298e+03 -1.71032e+03 -2.97338e+02  1.03057e+02
  9570    312.112  1.41300e+03 -1.71063e+03 -2.97630e+02  1.03179e+02
  9580    314.465  1.42366e+03 -1.72242e+03 -2.98764e+02  1.02222e+02
  9590    316.202  1.43152e+03 -1.73175e+03 -3.00233e+02  1.01462e+02
  9600    315.253  1.42722e+03 -1.72991e+03 -3.02687e+02  1.01749e+02
  9610    311.826  1.41170e+03 -1.71718e+03 -3.05477e+02  1.03030e+02
  9620    307.918  1.39402e+03 -1.70318e+03 -3.09167e+02  1.04392e+02
  9630    306.221  1.38633e+03 -1.69896e+03 -3.12629e+02  1.04722e+02
  9640    307.740  1.39321e+03 -1.70983e+03 -3.16627e+02  1.03519e+02
  9650    310.904  1.40753e+03 -1.72873e+03 -3.21193e+02  1.01434e+02
  9660    314.220  1.42254e+03 -1.74853e+03 -3.25988e+02  9.91568e+01
  9670    316.744  1.43397e+03 -1.76573e+03 -3.31754e+02  9.70939e+01
  9680    317.814  1.43881e+03 -1.77711e+03 -3.38294e+02  9.55821e+01
  9690    317.451  1.43717e+03 -1.78291e+03 -3.45734e+02  9.46394e+01
  9700    316.240  1.43169e+03 -1.78579e+03 -3.54095e+02  9.40460e+01
  9710    314.337  1.42307e+03 -1.78597e+03 -3.62896e+02  9.37865e+01
  9720    311.145  1.40863e+03 -1.78129e+03 -3.72665e+02  9.40820e+01
  9730    306.454  1.38739e+03 -1.77016e+03 -3.82769e+02  9.50453e+01
  9740    301.333  1.36420e+03 -1.75667e+03 -3.92470e+02  9.62449e+01
  9750    297.052  1.34482e+03 -1.74739e+03 -4.02571e+02  9.70625e+01
  9760    293.815  1.33017e+03 -1.74231e+03 -4.12148e+02  9.74319e+01
  9770    291.260  1.31860e+03 -1.74023e+03 -4.21630e+02  9.74563e+01
  9780    289.051  1.30860e+03 -1.73916e+03 -4.30562e+02  9.72946e+01
  9790    287.159  1.30003e+03 -1.73879e+03 -4.38761e+02  9.69617e+01
  9800    286.130  1.29537e+03 -1.74193e+03 -4.46553e+02  9.62043e+01
  9810    286.479  1.29696e+03 -1.75067e+03 -4.53714e+02  9.48338e+01
  9820    287.788  1.30288e+03 -1.76296e+03 -4.60083e+02  9.30722e+01
  9830    288.925  1.30803e+03 -1.77445e+03 -4.66421e+02  9.13999e+01
  9840    288.967  1.30822e+03 -1.78015e+03 -4.71928e+02  9.03063e+01
  9850    287.825  1.30305e+03 -1.77981e+03 -4.76765e+02  8.98509e+01
  9860    286.231  1.29583e+03 -1.77679e+03 -4.80955e+02  8.97301e+01
  9870    285.478  1.29242e+03 -1.77759e+03 -4.85165e+02  8.93532e+01
  9880    286.423  1.29670e+03 -1.78537e+03 -4.88671e+02  8.84088e+01
  9890    287.683  1.30241e+03 -1.79344e+03 -4.91034e+02  8.75107e+01
  9900    287.285  1.30060e+03 -1.79389e+03 -4.93283e+02  8.74344e+01
  9910    284.998  1.29025e+03 -1.78478e+03 -4.94532e+02  8.83395e+01
  9920    281.578  1.27477e+03 -1.77020e+03 -4.95430e+02  8.98429e+01
  9930    277.972  1.25844e+03 -1.75397e+03 -4.95526e+02  9.15130e+01
  9940    275.889  1.24901e+03 -1.74374e+03 -4.94734e+02  9.25686e+01
  9950    277.500  1.25630e+03 -1.74949e+03 -4.93185e+02  9.20609e+01
  9960    282.736  1.28001e+03 -1.77024e+03 -4.90230e+02  9.00808e+01
  9970    288.575  1.30644e+03 -1.79276e+03 -4.86318e+02  8.79249e+01
  9980    292.422  1.32386e+03 -1.80572e+03 -4.81855e+02  8.67234e+01
  9990    293.823  1.33020e+03 -1.80729e+03 -4.77094e+02  8.66907e+01
