Step    T(K)    KE(kJ)    PE(kJ)    TotE(kJ)    P(MPa)
     0      0.102  4.60932e-01 -1.73048e+03 -1.73002e+03  1.90234e+02
    10      0.427  1.92892e+00 -1.73194e+03 -1.73001e+03  1.89946e+02
    20      1.288  5.81507e+00 -1.73576e+03 -1.72995e+03  1.89184e+02
    30      2.641  1.19227e+01 -1.74164e+03 -1.72972e+03  1.87990e+02
    40      4.429  1.99962e+01 -1.74914e+03 -1.72914e+03  1.86425e+02
    50      6.599  2.97918e+01 -1.75780e+03 -1.72801e+03  1.84557e+02
    60      9.113  4.11414e+01 -1.76721e+03 -1.72607e+03  1.82451e+02
    70     11.960  5.39964e+01 -1.77703e+03 -1.72303e+03  1.80166e+02
    80     15.160  6.84453e+01 -1.78703e+03 -1.71858e+03  1.77749e+02
    90     18.763  8.47102e+01 -1.79708e+03 -1.71237e+03  1.75239e+02
   100     22.843  1.03129e+02 -1.80712e+03 -1.70399e+03  1.72666e+02
   110     27.495  1.24134e+02 -1.81712e+03 -1.69298e+03  1.70057e+02
   120     32.832  1.48230e+02 -1.82703e+03 -1.67880e+03  1.67441e+02
   130     38.979  1.75981e+02 -1.83682e+03 -1.66084e+03  1.64849e+02
   140     46.070  2.07995e+02 -1.84639e+03 -1.63839e+03  1.62317e+02
   150     54.247  2.44911e+02 -1.85561e+03 -1.61070e+03  1.59891e+02
   160     63.653  2.87377e+02 -1.86432e+03 -1.57694e+03  1.57620e+02
   170     74.427  3.36019e+02 -1.87229e+03 -1.53627e+03  1.55562e+02
   180     86.693  3.91397e+02 -1.87929e+03 -1.48789e+03  1.53777e+02
   190    100.544  4.53930e+02 -1.88504e+03 -1.43111e+03  1.52325e+02
   200    116.022  5.23810e+02 -1.88926e+03 -1.36545e+03  1.51263e+02
   210    133.094  6.00886e+02 -1.89171e+03 -1.29082e+03  1.50633e+02
   220    151.617  6.84513e+02 -1.89216e+03 -1.20765e+03  1.50458e+02
   230    171.304  7.73395e+02 -1.89045e+03 -1.11706e+03  1.50731e+02
   240    191.686  8.65413e+02 -1.88646e+03 -1.02105e+03  1.51413e+02
   250    212.081  9.57491e+02 -1.88006e+03 -9.22570e+02  1.52429e+02
   260    231.579  1.04552e+03 -1.87106e+03 -8.25542e+02  1.53677e+02
   270    249.057  1.12443e+03 -1.85907e+03 -7.34644e+02  1.55039e+02
   280    263.253  1.18852e+03 -1.84344e+03 -6.54923e+02  1.56405e+02
   290    272.954  1.23232e+03 -1.82349e+03 -5.91169e+02  1.57664e+02
   300    277.389  1.25234e+03 -1.79949e+03 -5.47148e+02  1.58633e+02
   310    276.653  1.24902e+03 -1.77398e+03 -5.24956e+02  1.58970e+02
   320    271.555  1.22600e+03 -1.75081e+03 -5.24806e+02  1.58271e+02
   330    262.930  1.18706e+03 -1.73238e+03 -5.45312e+02  1.56334e+02
   340    251.581  1.13583e+03 -1.71976e+03 -5.83931e+02  1.53138e+02
   350    238.444  1.07652e+03 -1.71396e+03 -6.37445e+02  1.48727e+02
   360    224.184  1.01213e+03 -1.71454e+03 -7.02403e+02  1.43310e+02
   370    209.020  9.43676e+02 -1.71904e+03 -7.75361e+02  1.37296e+02
   380    193.076  8.71689e+02 -1.72465e+03 -8.52960e+02  1.31129e+02
   390    176.671  7.97624e+02 -1.72969e+03 -9.32066e+02  1.25127e+02
   400    160.310  7.23759e+02 -1.73373e+03 -1.00997e+03  1.19459e+02
   410    144.529  6.52511e+02 -1.73709e+03 -1.08458e+03  1.14184e+02
   420    129.776  5.85908e+02 -1.74036e+03 -1.15446e+03  1.09292e+02
   430    116.367  5.25368e+02 -1.74417e+03 -1.21880e+03  1.04738e+02
   440    104.472  4.71664e+02 -1.74901e+03 -1.27735e+03  1.00464e+02
   450     94.127  4.24962e+02 -1.75516e+03 -1.33020e+03  9.64148e+01
   460     85.264  3.84945e+02 -1.76265e+03 -1.37770e+03  9.25496e+01
   470     77.747  3.51007e+02 -1.77134e+03 -1.42033e+03  8.88407e+01
   480     71.425  3.22468e+02 -1.78106e+03 -1.45859e+03  8.52635e+01
   490     66.171  2.98744e+02 -1.79175e+03 -1.49300e+03  8.17859e+01
   500     61.890  2.79417e+02 -1.80347e+03 -1.52405e+03  7.83644e+01
   510     58.520  2.64203e+02 -1.81641e+03 -1.55221e+03  7.49478e+01
   520     56.009  2.52866e+02 -1.83079e+03 -1.57792e+03  7.14867e+01
   530     54.295  2.45129e+02 -1.84672e+03 -1.60159e+03  6.79447e+01
   540     53.298  2.40625e+02 -1.86419e+03 -1.62357e+03  6.43048e+01
   550     52.917  2.38908e+02 -1.88305e+03 -1.64415e+03  6.05696e+01
   560     53.048  2.39500e+02 -1.90305e+03 -1.66355e+03  5.67565e+01
   570     53.592  2.41953e+02 -1.92391e+03 -1.68195e+03  5.28899e+01
   580     54.464  2.45892e+02 -1.94536e+03 -1.69947e+03  4.89946e+01
   590     55.603  2.51034e+02 -1.96721e+03 -1.71618e+03  4.50917e+01
   600     56.965  2.57183e+02 -1.98932e+03 -1.73213e+03  4.11966e+01
   610     58.520  2.64205e+02 -2.01159e+03 -1.74738e+03  3.73208e+01
   620     60.245  2.71992e+02 -2.03395e+03 -1.76195e+03  3.34743e+01
   630     62.114  2.80429e+02 -2.05629e+03 -1.77586e+03  2.96686e+01
   640     64.093  2.89364e+02 -2.07850e+03 -1.78913e+03  2.59199e+01
   650     66.140  2.98607e+02 -2.10037e+03 -1.80177e+03  2.22495e+01
   660     68.205  3.07927e+02 -2.12170e+03 -1.81377e+03  1.86835e+01
   670     70.233  3.17087e+02 -2.14223e+03 -1.82515e+03  1.52492e+01
   680     72.181  3.25878e+02 -2.16176e+03 -1.83589e+03  1.19718e+01
   690     74.015  3.34159e+02 -2.18015e+03 -1.84599e+03  8.86943e+00
   700     75.721  3.41863e+02 -2.19733e+03 -1.85546e+03  5.95281e+00
   710     77.293  3.48959e+02 -2.21326e+03 -1.86430e+03  3.22857e+00
   720     78.714  3.55374e+02 -2.22787e+03 -1.87250e+03  7.06680e-01
   730     79.948  3.60946e+02 -2.24102e+03 -1.88008e+03 -1.59520e+00
   740     80.949  3.65465e+02 -2.25250e+03 -1.88703e+03 -3.65554e+00
   750     81.681  3.68771e+02 -2.26213e+03 -1.89336e+03 -5.45879e+00
   760     82.138  3.70831e+02 -2.26988e+03 -1.89904e+03 -7.00331e+00
   770     82.342  3.71755e+02 -2.27584e+03 -1.90409e+03 -8.30360e+00
   780     82.349  3.71787e+02 -2.28027e+03 -1.90848e+03 -9.38907e+00
   790     82.236  3.71276e+02 -2.28348e+03 -1.91221e+03 -1.03016e+01
   800     82.096  3.70644e+02 -2.28591e+03 -1.91526e+03 -1.10902e+01
   810     82.021  3.70306e+02 -2.28796e+03 -1.91765e+03 -1.18037e+01
   820     82.091  3.70619e+02 -2.28999e+03 -1.91937e+03 -1.24836e+01
   830     82.364  3.71853e+02 -2.29228e+03 -1.92042e+03 -1.31602e+01
   840     82.877  3.74171e+02 -2.29499e+03 -1.92082e+03 -1.38504e+01
   850     83.642  3.77623e+02 -2.29820e+03 -1.92058e+03 -1.45566e+01
   860     84.641  3.82134e+02 -2.30184e+03 -1.91971e+03 -1.52661e+01
   870     85.834  3.87521e+02 -2.30575e+03 -1.91823e+03 -1.59542e+01
   880     87.164  3.93525e+02 -2.30970e+03 -1.91618e+03 -1.65879e+01
   890     88.561  3.99830e+02 -2.31341e+03 -1.91358e+03 -1.71298e+01
   900     89.942  4.06066e+02 -2.31654e+03 -1.91048e+03 -1.75398e+01
   910     91.219  4.11830e+02 -2.31874e+03 -1.90691e+03 -1.77783e+01
   920     92.311  4.16759e+02 -2.31969e+03 -1.90293e+03 -1.78146e+01
   930     93.180  4.20683e+02 -2.31926e+03 -1.89857e+03 -1.76410e+01
   940     93.864  4.23772e+02 -2.31767e+03 -1.89389e+03 -1.72869e+01
   950     94.484  4.26573e+02 -2.31549e+03 -1.88892e+03 -1.68198e+01
   960     95.204  4.29824e+02 -2.31349e+03 -1.88367e+03 -1.63253e+01
   970     96.156  4.34120e+02 -2.31228e+03 -1.87816e+03 -1.58731e+01
   980     97.365  4.39578e+02 -2.31200e+03 -1.87242e+03 -1.54832e+01
   990     98.725  4.45721e+02 -2.31220e+03 -1.86648e+03 -1.51153e+01
  1000    100.042  4.51664e+02 -2.31206e+03 -1.86040e+03 -1.46880e+01
  1010    101.112  4.56496e+02 -2.31074e+03 -1.85424e+03 -1.41173e+01
  1020    101.794  4.59577e+02 -2.30765e+03 -1.84808e+03 -1.33475e+01
  1030    102.041  4.60692e+02 -2.30265e+03 -1.84196e+03 -1.23680e+01
  1040    101.927  4.60177e+02 -2.29610e+03 -1.83592e+03 -1.12256e+01
  1050    101.664  4.58986e+02 -2.28897e+03 -1.82999e+03 -1.00271e+01
  1060    101.541  4.58433e+02 -2.28257e+03 -1.82413e+03 -8.91202e+00
  1070    101.792  4.59567e+02 -2.27791e+03 -1.81835e+03 -7.98843e+00
  1080    102.462  4.62592e+02 -2.27521e+03 -1.81261e+03 -7.27859e+00
  1090    103.401  4.66831e+02 -2.27378e+03 -1.80695e+03 -6.71611e+00
  1100    104.359  4.71157e+02 -2.27254e+03 -1.80138e+03 -6.19007e+00
  1110    105.110  4.74545e+02 -2.27051e+03 -1.79597e+03 -5.60138e+00
  1120    105.544  4.76506e+02 -2.26727e+03 -1.79076e+03 -4.90567e+00
  1130    105.708  4.77247e+02 -2.26305e+03 -1.78580e+03 -4.12866e+00
  1140    105.764  4.77499e+02 -2.25860e+03 -1.78111e+03 -3.34752e+00
  1150    105.878  4.78015e+02 -2.25469e+03 -1.77668e+03 -2.64141e+00
  1160    106.106  4.79041e+02 -2.25156e+03 -1.77252e+03 -2.03951e+00
  1170    106.367  4.80222e+02 -2.24886e+03 -1.76864e+03 -1.51159e+00
  1180    106.545  4.81026e+02 -2.24608e+03 -1.76505e+03 -1.00784e+00
  1190    106.583  4.81194e+02 -2.24297e+03 -1.76177e+03 -5.02390e-01
  1200    106.517  4.80900e+02 -2.23970e+03 -1.75880e+03 -1.01518e-02
  1210    106.480  4.80731e+02 -2.23688e+03 -1.75614e+03  4.14091e-01
  1220    106.638  4.81444e+02 -2.23524e+03 -1.75379e+03  6.98241e-01
  1230    107.094  4.83501e+02 -2.23526e+03 -1.75175e+03  7.96078e-01
  1240    107.855  4.86939e+02 -2.23698e+03 -1.75004e+03  6.99657e-01
  1250    108.907  4.91688e+02 -2.24039e+03 -1.74870e+03  4.11323e-01
  1260    110.213  4.97584e+02 -2.24536e+03 -1.74778e+03 -5.57295e-02
  1270    111.607  5.03880e+02 -2.25123e+03 -1.74735e+03 -6.31833e-01
  1280    112.760  5.09085e+02 -2.25659e+03 -1.74751e+03 -1.17748e+00
  1290    113.340  5.11703e+02 -2.26001e+03 -1.74830e+03 -1.55330e+00
  1300    113.228  5.11198e+02 -2.26098e+03 -1.74978e+03 -1.71087e+00
  1310    112.576  5.08252e+02 -2.26016e+03 -1.75191e+03 -1.71705e+00
  1320    111.673  5.04175e+02 -2.25884e+03 -1.75466e+03 -1.69921e+00
  1330    110.753  5.00021e+02 -2.25799e+03 -1.75797e+03 -1.76034e+00
  1340    109.884  4.96098e+02 -2.25789e+03 -1.76179e+03 -1.93176e+00
  1350    109.013  4.92168e+02 -2.25823e+03 -1.76606e+03 -2.19112e+00
  1360    108.082  4.87965e+02 -2.25869e+03 -1.77073e+03 -2.51104e+00
  1370    107.112  4.83583e+02 -2.25933e+03 -1.77575e+03 -2.89676e+00
  1380    106.204  4.79487e+02 -2.26055e+03 -1.78106e+03 -3.38748e+00
  1390    105.452  4.76088e+02 -2.26271e+03 -1.78662e+03 -4.01610e+00
  1400    104.846  4.73354e+02 -2.26576e+03 -1.79241e+03 -4.77087e+00
  1410    104.297  4.70873e+02 -2.26925e+03 -1.79838e+03 -5.60080e+00
  1420    103.700  4.68179e+02 -2.27270e+03 -1.80452e+03 -6.44669e+00
  1430    102.993  4.64988e+02 -2.27578e+03 -1.81079e+03 -7.26563e+00
  1440    102.160  4.61227e+02 -2.27838e+03 -1.81715e+03 -8.03559e+00
  1450    101.208  4.56931e+02 -2.28048e+03 -1.82355e+03 -8.74632e+00
  1460    100.158  4.52187e+02 -2.28212e+03 -1.82993e+03 -9.39433e+00
  1470     99.033  4.47108e+02 -2.28336e+03 -1.83625e+03 -9.97976e+00
  1480     97.829  4.41672e+02 -2.28412e+03 -1.84245e+03 -1.04923e+01
  1490     96.500  4.35672e+02 -2.28414e+03 -1.84847e+03 -1.09070e+01
  1500     95.019  4.28989e+02 -2.28324e+03 -1.85425e+03 -1.12108e+01
  1510     93.465  4.21974e+02 -2.28169e+03 -1.85971e+03 -1.14389e+01
  1520     92.039  4.15534e+02 -2.28035e+03 -1.86481e+03 -1.16820e+01
  1530     90.990  4.10799e+02 -2.28032e+03 -1.86952e+03 -1.20525e+01
  1540     90.476  4.08476e+02 -2.28228e+03 -1.87381e+03 -1.26195e+01
  1550     90.453  4.08374e+02 -2.28607e+03 -1.87770e+03 -1.33619e+01
  1560     90.705  4.09509e+02 -2.29071e+03 -1.88120e+03 -1.41758e+01
  1570     90.947  4.10602e+02 -2.29493e+03 -1.88432e+03 -1.49245e+01
  1580     90.943  4.10583e+02 -2.29766e+03 -1.88708e+03 -1.54894e+01
  1590     90.551  4.08816e+02 -2.29827e+03 -1.88945e+03 -1.57959e+01
  1600     89.723  4.05078e+02 -2.29650e+03 -1.89142e+03 -1.58146e+01
  1610     88.497  3.99540e+02 -2.29248e+03 -1.89294e+03 -1.55614e+01
  1620     87.017  3.92861e+02 -2.28685e+03 -1.89399e+03 -1.51060e+01
  1630     85.548  3.86228e+02 -2.28073e+03 -1.89450e+03 -1.45740e+01
  1640     84.409  3.81087e+02 -2.27554e+03 -1.89445e+03 -1.41171e+01
  1650     83.840  3.78516e+02 -2.27232e+03 -1.89381e+03 -1.38504e+01
  1660     83.886  3.78722e+02 -2.27128e+03 -1.89256e+03 -1.38014e+01
  1670     84.447  3.81259e+02 -2.27194e+03 -1.89068e+03 -1.39289e+01
  1680     85.436  3.85722e+02 -2.27392e+03 -1.88819e+03 -1.41886e+01
  1690     86.818  3.91963e+02 -2.27707e+03 -1.88510e+03 -1.45542e+01
  1700     88.498  3.99548e+02 -2.28098e+03 -1.88143e+03 -1.49711e+01
  1710     90.248  4.07449e+02 -2.28467e+03 -1.87722e+03 -1.53319e+01
  1720     91.845  4.14659e+02 -2.28718e+03 -1.87252e+03 -1.55363e+01
  1730     93.233  4.20924e+02 -2.28833e+03 -1.86740e+03 -1.55614e+01
  1740     94.537  4.26813e+02 -2.28873e+03 -1.86192e+03 -1.54654e+01
  1750     95.925  4.33078e+02 -2.28920e+03 -1.85612e+03 -1.53259e+01
  1760     97.441  4.39921e+02 -2.28997e+03 -1.85005e+03 -1.51674e+01
  1770     98.959  4.46773e+02 -2.29054e+03 -1.84377e+03 -1.49416e+01
  1780    100.272  4.52704e+02 -2.29005e+03 -1.83734e+03 -1.45658e+01
  1790    101.225  4.57004e+02 -2.28786e+03 -1.83085e+03 -1.39804e+01
  1800    101.806  4.59629e+02 -2.28399e+03 -1.82436e+03 -1.31910e+01
  1810    102.159  4.61220e+02 -2.27914e+03 -1.81792e+03 -1.22704e+01
  1820    102.467  4.62612e+02 -2.27416e+03 -1.81155e+03 -1.13111e+01
  1830    102.843  4.64312e+02 -2.26959e+03 -1.80527e+03 -1.03770e+01
  1840    103.341  4.66559e+02 -2.26566e+03 -1.79910e+03 -9.50684e+00
  1850    104.018  4.69616e+02 -2.26266e+03 -1.79304e+03 -8.73994e+00
  1860    104.932  4.73743e+02 -2.26087e+03 -1.78712e+03 -8.11240e+00
  1870    106.080  4.78926e+02 -2.26031e+03 -1.78138e+03 -7.63128e+00
  1880    107.363  4.84717e+02 -2.26058e+03 -1.77586e+03 -7.26097e+00
  1890    108.628  4.90427e+02 -2.26105e+03 -1.77062e+03 -6.94189e+00
  1900    109.763  4.95551e+02 -2.26130e+03 -1.76575e+03 -6.63186e+00
  1910    110.765  5.00079e+02 -2.26139e+03 -1.76131e+03 -6.33435e+00
  1920    111.704  5.04315e+02 -2.26169e+03 -1.75737e+03 -6.08161e+00
  1930    112.595  5.08338e+02 -2.26232e+03 -1.75399e+03 -5.88327e+00
  1940    113.330  5.11656e+02 -2.26287e+03 -1.75121e+03 -5.69544e+00
  1950    113.735  5.13487e+02 -2.26259e+03 -1.74910e+03 -5.44734e+00
  1960    113.706  5.13356e+02 -2.26104e+03 -1.74769e+03 -5.09834e+00
  1970    113.276  5.11412e+02 -2.25838e+03 -1.74697e+03 -4.66727e+00
  1980    112.566  5.08206e+02 -2.25513e+03 -1.74693e+03 -4.21219e+00
  1990    111.714  5.04362e+02 -2.25188e+03 -1.74751e+03 -3.79784e+00
  2000    110.838  5.00405e+02 -2.24909e+03 -1.74868e+03 -3.47598e+00
  2010    109.969  4.96484e+02 -2.24686e+03 -1.75038e+03 -3.25814e+00
  2020    109.023  4.92212e+02 -2.24476e+03 -1.75255e+03 -3.10049e+00
  2030    107.908  4.87177e+02 -2.24231e+03 -1.75513e+03 -2.95343e+00
  2040    106.676  4.81614e+02 -2.23968e+03 -1.75807e+03 -2.82494e+00
  2050    105.468  4.76164e+02 -2.23745e+03 -1.76129e+03 -2.76095e+00
  2060    104.361  4.71165e+02 -2.23589e+03 -1.76472e+03 -2.78110e+00
  2070    103.350  4.66601e+02 -2.23493e+03 -1.76833e+03 -2.87349e+00
  2080    102.457  4.62568e+02 -2.23462e+03 -1.77205e+03 -3.03723e+00
  2090    101.734  4.59304e+02 -2.23515e+03 -1.77585e+03 -3.28554e+00
  2100    101.181  4.56807e+02 -2.23651e+03 -1.77971e+03 -3.61081e+00
  2110    100.794  4.55061e+02 -2.23865e+03 -1.78359e+03 -4.00461e+00
  2120    100.678  4.54536e+02 -2.24204e+03 -1.78750e+03 -4.50171e+00
  2130    100.830  4.55221e+02 -2.24666e+03 -1.79144e+03 -5.09239e+00
  2140    100.945  4.55743e+02 -2.25117e+03 -1.79542e+03 -5.64326e+00
  2150    100.741  4.54819e+02 -2.25426e+03 -1.79944e+03 -6.03116e+00
  2160    100.208  4.52416e+02 -2.25588e+03 -1.80347e+03 -6.25189e+00
  2170     99.516  4.49288e+02 -2.25676e+03 -1.80747e+03 -6.38013e+00
  2180     98.843  4.46253e+02 -2.25768e+03 -1.81143e+03 -6.50052e+00
  2190     98.295  4.43779e+02 -2.25908e+03 -1.81530e+03 -6.66665e+00
  2200     97.891  4.41955e+02 -2.26104e+03 -1.81908e+03 -6.89500e+00
  2210     97.612  4.40693e+02 -2.26344e+03 -1.82275e+03 -7.18246e+00
  2220     97.421  4.39833e+02 -2.26613e+03 -1.82630e+03 -7.51610e+00
  2230     97.260  4.39105e+02 -2.26883e+03 -1.82972e+03 -7.87013e+00
  2240     97.053  4.38169e+02 -2.27119e+03 -1.83302e+03 -8.21056e+00
  2250     96.751  4.36806e+02 -2.27298e+03 -1.83618e+03 -8.51457e+00
  2260     96.381  4.35138e+02 -2.27431e+03 -1.83917e+03 -8.79109e+00
  2270     96.055  4.33665e+02 -2.27566e+03 -1.84200e+03 -9.08492e+00
  2280     95.916  4.33039e+02 -2.27768e+03 -1.84464e+03 -9.45389e+00
  2290     96.045  4.33618e+02 -2.28072e+03 -1.84710e+03 -9.92594e+00
  2300     96.374  4.35106e+02 -2.28451e+03 -1.84940e+03 -1.04644e+01
  2310     96.713  4.36634e+02 -2.28818e+03 -1.85154e+03 -1.09768e+01
  2320     96.852  4.37264e+02 -2.29080e+03 -1.85354e+03 -1.13632e+01
  2330     96.668  4.36434e+02 -2.29183e+03 -1.85540e+03 -1.15612e+01
  2340     96.153  4.34108e+02 -2.29120e+03 -1.85709e+03 -1.15612e+01
  2350     95.388  4.30654e+02 -2.28926e+03 -1.85861e+03 -1.13971e+01
  2360     94.488  4.26589e+02 -2.28650e+03 -1.85991e+03 -1.11207e+01
  2370     93.544  4.22326e+02 -2.28329e+03 -1.86096e+03 -1.07776e+01
  2380     92.617  4.18141e+02 -2.27987e+03 -1.86173e+03 -1.04015e+01
  2390     91.778  4.14357e+02 -2.27653e+03 -1.86217e+03 -1.00306e+01
  2400     91.146  4.11503e+02 -2.27377e+03 -1.86227e+03 -9.72068e+00
  2410     90.862  4.10222e+02 -2.27223e+03 -1.86200e+03 -9.53523e+00
  2420     91.019  4.10927e+02 -2.27229e+03 -1.86136e+03 -9.51275e+00
  2430     91.589  4.13500e+02 -2.27384e+03 -1.86034e+03 -9.63750e+00
  2440     92.429  4.17294e+02 -2.27626e+03 -1.85896e+03 -9.84119e+00
  2450     93.354  4.21469e+02 -2.27872e+03 -1.85725e+03 -1.00362e+01
  2460     94.211  4.25338e+02 -2.28057e+03 -1.85524e+03 -1.01494e+01
  2470     94.906  4.28476e+02 -2.28143e+03 -1.85295e+03 -1.01348e+01
  2480     95.398  4.30700e+02 -2.28113e+03 -1.85043e+03 -9.97254e+00
  2490     95.695  4.32040e+02 -2.27973e+03 -1.84769e+03 -9.66686e+00
  2500     95.841  4.32700e+02 -2.27746e+03 -1.84476e+03 -9.24276e+00
  2510     95.916  4.33038e+02 -2.27468e+03 -1.84164e+03 -8.74378e+00
  2520     96.051  4.33648e+02 -2.27199e+03 -1.83834e+03 -8.23768e+00
  2530     96.425  4.35336e+02 -2.27019e+03 -1.83485e+03 -7.81093e+00
  2540     97.151  4.38611e+02 -2.26980e+03 -1.83119e+03 -7.51922e+00
  2550     98.136  4.43058e+02 -2.27042e+03 -1.82736e+03 -7.32864e+00
  2560     99.131  4.47551e+02 -2.27096e+03 -1.82341e+03 -7.13779e+00
  2570     99.928  4.51150e+02 -2.27053e+03 -1.81937e+03 -6.86304e+00
  2580    100.475  4.53621e+02 -2.26893e+03 -1.81531e+03 -6.48833e+00
  2590    100.860  4.55357e+02 -2.26659e+03 -1.81123e+03 -6.05872e+00
  2600    101.250  4.57121e+02 -2.26430e+03 -1.80718e+03 -5.65403e+00
  2610    101.834  4.59754e+02 -2.26292e+03 -1.80317e+03 -5.35936e+00
  2620    102.739  4.63843e+02 -2.26305e+03 -1.79920e+03 -5.23267e+00
  2630    103.986  4.69472e+02 -2.26480e+03 -1.79532e+03 -5.28054e+00
  2640    105.475  4.76194e+02 -2.26777e+03 -1.79158e+03 -5.45687e+00
  2650    107.026  4.83196e+02 -2.27123e+03 -1.78804e+03 -5.67908e+00
  2660    108.408  4.89437e+02 -2.27422e+03 -1.78478e+03 -5.84385e+00
  2670    109.381  4.93830e+02 -2.27573e+03 -1.78190e+03 -5.84656e+00
  2680    109.778  4.95622e+02 -2.27507e+03 -1.77945e+03 -5.61840e+00
  2690    109.589  4.94767e+02 -2.27225e+03 -1.77748e+03 -5.16163e+00
  2700    108.958  4.91917e+02 -2.26790e+03 -1.77599e+03 -4.54700e+00
  2710    108.088  4.87991e+02 -2.26292e+03 -1.77493e+03 -3.87125e+00
  2720    107.134  4.83686e+02 -2.25796e+03 -1.77428e+03 -3.20899e+00
  2730    106.175  4.79355e+02 -2.25332e+03 -1.77397e+03 -2.60044e+00
  2740    105.295  4.75380e+02 -2.24933e+03 -1.77395e+03 -2.08544e+00
  2750    104.662  4.72523e+02 -2.24670e+03 -1.77418e+03 -1.73612e+00
  2760    104.463  4.71623e+02 -2.24625e+03 -1.77463e+03 -1.62907e+00
  2770    104.732  4.72839e+02 -2.24813e+03 -1.77529e+03 -1.77456e+00
  2780    105.280  4.75315e+02 -2.25148e+03 -1.77617e+03 -2.08514e+00
  2790    105.802  4.77670e+02 -2.25497e+03 -1.77730e+03 -2.42307e+00
  2800    106.054  4.78806e+02 -2.25752e+03 -1.77871e+03 -2.67721e+00
  2810    105.942  4.78300e+02 -2.25870e+03 -1.78040e+03 -2.80205e+00
  2820    105.501  4.76313e+02 -2.25868e+03 -1.78237e+03 -2.81061e+00
  2830    104.841  4.73331e+02 -2.25791e+03 -1.78458e+03 -2.74933e+00
  2840    104.087  4.69927e+02 -2.25693e+03 -1.78700e+03 -2.67419e+00
  2850    103.349  4.66596e+02 -2.25619e+03 -1.78959e+03 -2.63394e+00
  2860    102.699  4.63660e+02 -2.25598e+03 -1.79232e+03 -2.65987e+00
  2870    102.153  4.61194e+02 -2.25634e+03 -1.79515e+03 -2.75924e+00
  2880    101.665  4.58992e+02 -2.25705e+03 -1.79806e+03 -2.91119e+00
  2890    101.134  4.56593e+02 -2.25762e+03 -1.80103e+03 -3.07059e+00
  2900    100.454  4.53523e+02 -2.25755e+03 -1.80403e+03 -3.19134e+00
  2910     99.603  4.49685e+02 -2.25671e+03 -1.80702e+03 -3.26396e+00
  2920     98.694  4.45578e+02 -2.25554e+03 -1.80996e+03 -3.33703e+00
  2930     97.934  4.42148e+02 -2.25497e+03 -1.81282e+03 -3.50266e+00
  2940     97.540  4.40371e+02 -2.25593e+03 -1.81556e+03 -3.85579e+00
  2950     97.623  4.40742e+02 -2.25894e+03 -1.81819e+03 -4.44375e+00
  2960     98.110  4.42940e+02 -2.26366e+03 -1.82072e+03 -5.23275e+00
  2970     98.786  4.45993e+02 -2.26918e+03 -1.82318e+03 -6.12270e+00
  2980     99.409  4.48809e+02 -2.27441e+03 -1.82560e+03 -6.99726e+00
  2990     99.788  4.50518e+02 -2.27852e+03 -1.82800e+03 -7.75784e+00
  3000     99.778  4.50473e+02 -2.28086e+03 -1.83039e+03 -8.32637e+00
  3010     99.286  4.48253e+02 -2.28100e+03 -1.83275e+03 -8.64887e+00
  3020     98.320  4.43889e+02 -2.27895e+03 -1.83506e+03 -8.71862e+00
  3030     97.032  4.38075e+02 -2.27534e+03 -1.83727e+03 -8.59669e+00
  3040     95.693  4.32028e+02 -2.27133e+03 -1.83931e+03 -8.39936e+00
  3050     94.590  4.27049e+02 -2.26818e+03 -1.84113e+03 -8.25442e+00
  3060     93.926  4.24051e+02 -2.26676e+03 -1.84271e+03 -8.25386e+00
  3070     93.749  4.23254e+02 -2.26727e+03 -1.84402e+03 -8.42204e+00
  3080     93.952  4.24169e+02 -2.26923e+03 -1.84506e+03 -8.71294e+00
  3090     94.352  4.25974e+02 -2.27183e+03 -1.84585e+03 -9.04635e+00
  3100     94.796  4.27982e+02 -2.27438e+03 -1.84640e+03 -9.35295e+00
  3110     95.188  4.29751e+02 -2.27647e+03 -1.84672e+03 -9.58708e+00
  3120     95.448  4.30922e+02 -2.27775e+03 -1.84683e+03 -9.71280e+00
  3130     95.498  4.31149e+02 -2.27789e+03 -1.84674e+03 -9.69750e+00
  3140     95.299  4.30250e+02 -2.27670e+03 -1.84645e+03 -9.52692e+00
  3150     94.894  4.28422e+02 -2.27438e+03 -1.84595e+03 -9.22508e+00
  3160     94.416  4.26267e+02 -2.27151e+03 -1.84524e+03 -8.85628e+00
  3170     94.045  4.24589e+02 -2.26888e+03 -1.84429e+03 -8.50489e+00
  3180     93.941  4.24119e+02 -2.26720e+03 -1.84308e+03 -8.24712e+00
  3190     94.205  4.25313e+02 -2.26693e+03 -1.84162e+03 -8.12964e+00
  3200     94.841  4.28184e+02 -2.26808e+03 -1.83989e+03 -8.15281e+00
  3210     95.722  4.32160e+02 -2.27009e+03 -1.83793e+03 -8.25856e+00
  3220     96.633  4.36274e+02 -2.27203e+03 -1.83576e+03 -8.35087e+00
  3230     97.394  4.39710e+02 -2.27313e+03 -1.83342e+03 -8.34977e+00
  3240     97.932  4.42139e+02 -2.27308e+03 -1.83094e+03 -8.22466e+00
  3250     98.260  4.43617e+02 -2.27197e+03 -1.82836e+03 -7.98553e+00
  3260     98.433  4.44400e+02 -2.27008e+03 -1.82568e+03 -7.66509e+00
  3270     98.543  4.44899e+02 -2.26783e+03 -1.82293e+03 -7.31223e+00
  3280     98.701  4.45611e+02 -2.26572e+03 -1.82011e+03 -6.98363e+00
  3290     98.994  4.46932e+02 -2.26415e+03 -1.81722e+03 -6.72413e+00
  3300     99.457  4.49025e+02 -2.26330e+03 -1.81427e+03 -6.55450e+00
  3310    100.094  4.51900e+02 -2.26318e+03 -1.81128e+03 -6.47863e+00
  3320    100.887  4.55480e+02 -2.26374e+03 -1.80826e+03 -6.49059e+00
  3330    101.785  4.59533e+02 -2.26479e+03 -1.80526e+03 -6.56847e+00
  3340    102.691  4.63626e+02 -2.26593e+03 -1.80231e+03 -6.67188e+00
  3350    103.505  4.67300e+02 -2.26675e+03 -1.79945e+03 -6.75833e+00
  3360    104.177  4.70333e+02 -2.26706e+03 -1.79673e+03 -6.80790e+00
  3370    104.735  4.72851e+02 -2.26704e+03 -1.79419e+03 -6.83342e+00
  3380    105.245  4.75155e+02 -2.26701e+03 -1.79186e+03 -6.86293e+00
  3390    105.736  4.77371e+02 -2.26713e+03 -1.78976e+03 -6.90765e+00
  3400    106.163  4.79299e+02 -2.26722e+03 -1.78792e+03 -6.94801e+00
  3410    106.454  4.80613e+02 -2.26697e+03 -1.78636e+03 -6.95337e+00
  3420    106.577  4.81169e+02 -2.26628e+03 -1.78511e+03 -6.91137e+00
  3430    106.559  4.81090e+02 -2.26526e+03 -1.78417e+03 -6.83568e+00
  3440    106.451  4.80599e+02 -2.26413e+03 -1.78354e+03 -6.75095e+00
  3450    106.287  4.79861e+02 -2.26307e+03 -1.78321e+03 -6.67730e+00
  3460    106.089  4.78965e+02 -2.26215e+03 -1.78318e+03 -6.62820e+00
  3470    105.875  4.78001e+02 -2.26145e+03 -1.78344e+03 -6.61658e+00
  3480    105.680  4.77120e+02 -2.26110e+03 -1.78398e+03 -6.65947e+00
  3490    105.549  4.76528e+02 -2.26131e+03 -1.78478e+03 -6.77661e+00
  3500    105.515  4.76374e+02 -2.26222e+03 -1.78584e+03 -6.97885e+00
  3510    105.555  4.76554e+02 -2.26372e+03 -1.78716e+03 -7.24979e+00
  3520    105.568  4.76614e+02 -2.26536e+03 -1.78875e+03 -7.53784e+00
  3530    105.415  4.75924e+02 -2.26651e+03 -1.79059e+03 -7.77417e+00
  3540    105.002  4.74057e+02 -2.26673e+03 -1.79267e+03 -7.90990e+00
  3550    104.349  4.71108e+02 -2.26609e+03 -1.79498e+03 -7.94792e+00
  3560    103.589  4.67677e+02 -2.26515e+03 -1.79747e+03 -7.94246e+00
  3570    102.881  4.64483e+02 -2.26459e+03 -1.80011e+03 -7.96225e+00
  3580    102.312  4.61915e+02 -2.26477e+03 -1.80286e+03 -8.04723e+00
  3590    101.859  4.59867e+02 -2.26557e+03 -1.80570e+03 -8.18958e+00
  3600    101.408  4.57832e+02 -2.26644e+03 -1.80861e+03 -8.34204e+00
  3610    100.837  4.55253e+02 -2.26681e+03 -1.81156e+03 -8.44993e+00
  3620    100.100  4.51927e+02 -2.26646e+03 -1.81453e+03 -8.49093e+00
  3630     99.272  4.48188e+02 -2.26566e+03 -1.81747e+03 -8.49269e+00
  3640     98.506  4.44730e+02 -2.26509e+03 -1.82036e+03 -8.51714e+00
  3650     97.936  4.42156e+02 -2.26531e+03 -1.82315e+03 -8.61764e+00
  3660     97.579  4.40544e+02 -2.26638e+03 -1.82584e+03 -8.79816e+00
  3670     97.333  4.39434e+02 -2.26784e+03 -1.82841e+03 -9.01179e+00
  3680     97.054  4.38176e+02 -2.26903e+03 -1.83085e+03 -9.19449e+00
  3690     96.647  4.36336e+02 -2.26949e+03 -1.83315e+03 -9.30493e+00
  3700     96.116  4.33940e+02 -2.26923e+03 -1.83529e+03 -9.34741e+00
  3710     95.551  4.31389e+02 -2.26863e+03 -1.83724e+03 -9.36413e+00
  3720     95.057  4.29159e+02 -2.26815e+03 -1.83899e+03 -9.40593e+00
  3730     94.706  4.27574e+02 -2.26809e+03 -1.84052e+03 -9.50975e+00
  3740     94.534  4.26798e+02 -2.26861e+03 -1.84181e+03 -9.69700e+00
  3750     94.562  4.26926e+02 -2.26979e+03 -1.84286e+03 -9.98173e+00
  3760     94.806  4.28024e+02 -2.27171e+03 -1.84368e+03 -1.03738e+01
  3770     95.266  4.30101e+02 -2.27438e+03 -1.84428e+03 -1.08755e+01
  3780     95.924  4.33072e+02 -2.27774e+03 -1.84467e+03 -1.14764e+01
  3790     96.737  4.36742e+02 -2.28163e+03 -1.84489e+03 -1.21516e+01
  3800     97.627  4.40764e+02 -2.28572e+03 -1.84496e+03 -1.28578e+01
  3810     98.468  4.44561e+02 -2.28948e+03 -1.84492e+03 -1.35279e+01
  3820     99.092  4.47374e+02 -2.29218e+03 -1.84481e+03 -1.40789e+01
  3830     99.370  4.48631e+02 -2.29328e+03 -1.84465e+03 -1.44489e+01
  3840     99.323  4.48417e+02 -2.29287e+03 -1.84446e+03 -1.46427e+01
  3850     99.130  4.47547e+02 -2.29178e+03 -1.84423e+03 -1.47376e+01
  3860     99.027  4.47084e+02 -2.29104e+03 -1.84396e+03 -1.48363e+01
  3870     99.158  4.47673e+02 -2.29132e+03 -1.84365e+03 -1.50023e+01
  3880     99.497  4.49204e+02 -2.29249e+03 -1.84329e+03 -1.52267e+01
  3890     99.899  4.51018e+02 -2.29392e+03 -1.84290e+03 -1.54480e+01
  3900    100.215  4.52447e+02 -2.29495e+03 -1.84251e+03 -1.56036e+01
  3910    100.384  4.53211e+02 -2.29533e+03 -1.84212e+03 -1.56681e+01
  3920    100.426  4.53398e+02 -2.29513e+03 -1.84174e+03 -1.56526e+01
  3930    100.390  4.53236e+02 -2.29461e+03 -1.84137e+03 -1.55817e+01
  3940    100.314  4.52893e+02 -2.29391e+03 -1.84102e+03 -1.54745e+01
  3950    100.204  4.52397e+02 -2.29308e+03 -1.84068e+03 -1.53356e+01
  3960    100.038  4.51647e+02 -2.29199e+03 -1.84034e+03 -1.51556e+01
  3970     99.783  4.50497e+02 -2.29050e+03 -1.84001e+03 -1.49200e+01
  3980     99.418  4.48847e+02 -2.28850e+03 -1.83966e+03 -1.46186e+01
  3990     98.943  4.46705e+02 -2.28598e+03 -1.83928e+03 -1.42518e+01
  4000     98.387  4.44194e+02 -2.28304e+03 -1.83885e+03 -1.38328e+01
  4010     97.806  4.41569e+02 -2.27992e+03 -1.83835e+03 -1.33885e+01
  4020     97.285  4.39218e+02 -2.27697e+03 -1.83775e+03 -1.29598e+01
  4030     96.926  4.37595e+02 -2.27462e+03 -1.83703e+03 -1.25937e+01
  4040     96.813  4.37086e+02 -2.27326e+03 -1.83617e+03 -1.23310e+01
  4050     96.988  4.37875e+02 -2.27305e+03 -1.83517e+03 -1.21918e+01
  4060     97.419  4.39822e+02 -2.27386e+03 -1.83404e+03 -1.21641e+01
  4070     97.996  4.42429e+02 -2.27521e+03 -1.83278e+03 -1.22008e+01
  4080     98.573  4.45033e+02 -2.27645e+03 -1.83142e+03 -1.22394e+01
  4090     99.051  4.47190e+02 -2.27718e+03 -1.82999e+03 -1.22390e+01
  4100     99.439  4.48943e+02 -2.27744e+03 -1.82850e+03 -1.22055e+01
  4110     99.828  4.50698e+02 -2.27767e+03 -1.82697e+03 -1.21800e+01
  4120    100.300  4.52829e+02 -2.27826e+03 -1.82543e+03 -1.22015e+01
  4130    100.890  4.55492e+02 -2.27938e+03 -1.82389e+03 -1.22886e+01
  4140    101.604  4.58719e+02 -2.28110e+03 -1.82238e+03 -1.24470e+01
  4150    102.424  4.62418e+02 -2.28334e+03 -1.82092e+03 -1.26702e+01
  4160    103.283  4.66298e+02 -2.28586e+03 -1.81957e+03 -1.29315e+01
  4170    104.095  4.69961e+02 -2.28831e+03 -1.81835e+03 -1.31944e+01
  4180    104.789  4.73095e+02 -2.29040e+03 -1.81731e+03 -1.34296e+01
  4190    105.316  4.75476e+02 -2.29196e+03 -1.81648e+03 -1.36168e+01
  4200    105.626  4.76876e+02 -2.29278e+03 -1.81590e+03 -1.37362e+01
  4210    105.675  4.77097e+02 -2.29268e+03 -1.81559e+03 -1.37717e+01
  4220    105.453  4.76095e+02 -2.29163e+03 -1.81554e+03 -1.37218e+01
  4230    104.989  4.74001e+02 -2.28974e+03 -1.81574e+03 -1.36006e+01
  4240    104.336  4.71052e+02 -2.28722e+03 -1.81617e+03 -1.34320e+01
  4250    103.569  4.67587e+02 -2.28438e+03 -1.81680e+03 -1.32485e+01
  4260    102.798  4.64108e+02 -2.28169e+03 -1.81758e+03 -1.30974e+01
  4270    102.162  4.61235e+02 -2.27972e+03 -1.81848e+03 -1.30353e+01
  4280    101.767  4.59452e+02 -2.27893e+03 -1.81948e+03 -1.31038e+01
  4290    101.622  4.58797e+02 -2.27935e+03 -1.82055e+03 -1.33005e+01
  4300    101.624  4.58809e+02 -2.28050e+03 -1.82170e+03 -1.35735e+01
  4310    101.622  4.58800e+02 -2.28171e+03 -1.82291e+03 -1.38487e+01
  4320    101.491  4.58208e+02 -2.28240e+03 -1.82419e+03 -1.40635e+01
  4330    101.165  4.56735e+02 -2.28227e+03 -1.82553e+03 -1.41824e+01
  4340    100.632  4.54328e+02 -2.28125e+03 -1.82692e+03 -1.41952e+01
  4350     99.928  4.51151e+02 -2.27947e+03 -1.82832e+03 -1.41156e+01
  4360     99.146  4.47618e+02 -2.27732e+03 -1.82970e+03 -1.39828e+01
  4370     98.423  4.44358e+02 -2.27538e+03 -1.83103e+03 -1.38568e+01
  4380     97.897  4.41979e+02 -2.27425e+03 -1.83227e+03 -1.37947e+01
  4390     97.610  4.40686e+02 -2.27411e+03 -1.83342e+03 -1.38128e+01
  4400     97.469  4.40049e+02 -2.27451e+03 -1.83446e+03 -1.38653e+01
  4410     97.292  4.39251e+02 -2.27463e+03 -1.83538e+03 -1.38687e+01
  4420     96.931  4.37619e+02 -2.27379e+03 -1.83617e+03 -1.37535e+01
  4430     96.348  4.34989e+02 -2.27181e+03 -1.83682e+03 -1.35016e+01
  4440     95.627  4.31733e+02 -2.26903e+03 -1.83730e+03 -1.31490e+01
  4450     94.917  4.28528e+02 -2.26612e+03 -1.83759e+03 -1.27649e+01
  4460     94.373  4.26069e+02 -2.26372e+03 -1.83765e+03 -1.24219e+01
  4470     94.111  4.24886e+02 -2.26236e+03 -1.83747e+03 -1.21764e+01
  4480     94.193  4.25260e+02 -2.26230e+03 -1.83704e+03 -1.20583e+01
  4490     94.594  4.27071e+02 -2.26343e+03 -1.83636e+03 -1.20563e+01
  4500     95.184  4.29734e+02 -2.26518e+03 -1.83544e+03 -1.21114e+01
  4510     95.778  4.32414e+02 -2.26672e+03 -1.83431e+03 -1.21402e+01
  4520     96.231  4.34461e+02 -2.26744e+03 -1.83297e+03 -1.20772e+01
  4530     96.529  4.35805e+02 -2.26727e+03 -1.83147e+03 -1.19140e+01
  4540     96.804  4.37048e+02 -2.26685e+03 -1.82980e+03 -1.17074e+01
  4550     97.228  4.38959e+02 -2.26695e+03 -1.82799e+03 -1.15306e+01
  4560     97.810  4.41590e+02 -2.26763e+03 -1.82604e+03 -1.13900e+01
  4570     98.348  4.44019e+02 -2.26800e+03 -1.82398e+03 -1.12013e+01
  4580     98.592  4.45118e+02 -2.26695e+03 -1.82183e+03 -1.08632e+01
  4590     98.464  4.44539e+02 -2.26415e+03 -1.81961e+03 -1.03505e+01
  4600     98.145  4.43103e+02 -2.26043e+03 -1.81733e+03 -9.75151e+00
  4610     97.976  4.42339e+02 -2.25730e+03 -1.81496e+03 -9.22088e+00
  4620     98.230  4.43486e+02 -2.25599e+03 -1.81250e+03 -8.88366e+00
  4630     98.979  4.46864e+02 -2.25681e+03 -1.80995e+03 -8.77343e+00
  4640    100.105  4.51949e+02 -2.25928e+03 -1.80733e+03 -8.83800e+00
  4650    101.376  4.57688e+02 -2.26236e+03 -1.80467e+03 -8.97108e+00
  4660    102.526  4.62879e+02 -2.26492e+03 -1.80204e+03 -9.05197e+00
  4670    103.349  4.66595e+02 -2.26610e+03 -1.79950e+03 -8.98902e+00
  4680    103.766  4.68476e+02 -2.26557e+03 -1.79709e+03 -8.74914e+00
  4690    103.840  4.68812e+02 -2.26366e+03 -1.79485e+03 -8.36531e+00
  4700    103.747  4.68390e+02 -2.26117e+03 -1.79278e+03 -7.92045e+00
  4710    103.679  4.68087e+02 -2.25898e+03 -1.79089e+03 -7.50607e+00
  4720    103.747  4.68394e+02 -2.25756e+03 -1.78917e+03 -7.17539e+00
  4730    103.935  4.69242e+02 -2.25685e+03 -1.78761e+03 -6.92555e+00
  4740    104.149  4.70208e+02 -2.25644e+03 -1.78623e+03 -6.71766e+00
  4750    104.290  4.70842e+02 -2.25589e+03 -1.78505e+03 -6.50869e+00
  4760    104.280  4.70799e+02 -2.25485e+03 -1.78405e+03 -6.26664e+00
  4770    104.068  4.69843e+02 -2.25310e+03 -1.78326e+03 -5.97254e+00
  4780    103.643  4.67921e+02 -2.25057e+03 -1.78265e+03 -5.62818e+00
  4790    103.066  4.65319e+02 -2.24753e+03 -1.78221e+03 -5.26989e+00
  4800    102.497  4.62750e+02 -2.24466e+03 -1.78191e+03 -4.97524e+00
  4810    102.165  4.61252e+02 -2.24298e+03 -1.78173e+03 -4.85127e+00
  4820    102.297  4.61845e+02 -2.24348e+03 -1.78164e+03 -4.99816e+00
  4830    102.993  4.64990e+02 -2.24664e+03 -1.78165e+03 -5.45670e+00
  4840    104.153  4.70226e+02 -2.25203e+03 -1.78181e+03 -6.17332e+00
  4850    105.495  4.76283e+02 -2.25844e+03 -1.78216e+03 -7.01340e+00
  4860    106.679  4.81628e+02 -2.26440e+03 -1.78277e+03 -7.81604e+00
  4870    107.448  4.85103e+02 -2.26881e+03 -1.78371e+03 -8.45882e+00
  4880    107.724  4.86346e+02 -2.27135e+03 -1.78500e+03 -8.89891e+00
  4890    107.583  4.85712e+02 -2.27238e+03 -1.78666e+03 -9.16654e+00
  4900    107.150  4.83754e+02 -2.27244e+03 -1.78869e+03 -9.31513e+00
  4910    106.482  4.80739e+02 -2.27178e+03 -1.79104e+03 -9.37458e+00
  4920    105.585  4.76688e+02 -2.27036e+03 -1.79368e+03 -9.35331e+00
  4930    104.495  4.71770e+02 -2.26832e+03 -1.79655e+03 -9.27397e+00
  4940    103.335  4.66532e+02 -2.26613e+03 -1.79960e+03 -9.19447e+00
  4950    102.283  4.61781e+02 -2.26454e+03 -1.80276e+03 -9.19568e+00
  4960    101.492  4.58212e+02 -2.26422e+03 -1.80600e+03 -9.34405e+00
  4970    100.985  4.55922e+02 -2.26521e+03 -1.80929e+03 -9.64413e+00
  4980    100.599  4.54180e+02 -2.26678e+03 -1.81260e+03 -1.00178e+01
  4990    100.083  4.51851e+02 -2.26777e+03 -1.81592e+03 -1.03464e+01
  5000     99.274  4.48199e+02 -2.26742e+03 -1.81922e+03 -1.05500e+01
  5010     98.197  4.43334e+02 -2.26578e+03 -1.82245e+03 -1.06328e+01
  5020     97.006  4.37958e+02 -2.26351e+03 -1.82555e+03 -1.06596e+01
  5030     95.877  4.32862e+02 -2.26135e+03 -1.82849e+03 -1.07077e+01
  5040     94.954  4.28693e+02 -2.25991e+03 -1.83121e+03 -1.08414e+01
  5050     94.337  4.25908e+02 -2.25960e+03 -1.83370e+03 -1.11048e+01
  5060     94.066  4.24684e+02 -2.26061e+03 -1.83592e+03 -1.15114e+01
  5070     94.100  4.24838e+02 -2.26273e+03 -1.83789e+03 -1.20368e+01
  5080     94.334  4.25894e+02 -2.26551e+03 -1.83961e+03 -1.26256e+01
  5090     94.633  4.27246e+02 -2.26834e+03 -1.84109e+03 -1.32087e+01
  5100     94.883  4.28372e+02 -2.27072e+03 -1.84234e+03 -1.37267e+01
  5110     95.026  4.29019e+02 -2.27239e+03 -1.84337e+03 -1.41482e+01
  5120     95.069  4.29213e+02 -2.27340e+03 -1.84418e+03 -1.44716e+01
  5130     95.045  4.29103e+02 -2.27388e+03 -1.84478e+03 -1.47100e+01
  5140     94.984  4.28831e+02 -2.27399e+03 -1.84516e+03 -1.48782e+01
  5150     94.924  4.28558e+02 -2.27388e+03 -1.84532e+03 -1.49927e+01
  5160     94.914  4.28515e+02 -2.27377e+03 -1.84526e+03 -1.50763e+01
  5170     95.015  4.28969e+02 -2.27394e+03 -1.84497e+03 -1.51541e+01
  5180     95.269  4.30117e+02 -2.27459e+03 -1.84447e+03 -1.52433e+01
  5190     95.677  4.31957e+02 -2.27572e+03 -1.84376e+03 -1.53402e+01
  5200     96.171  4.34187e+02 -2.27705e+03 -1.84286e+03 -1.54124e+01
  5210     96.639  4.36301e+02 -2.27808e+03 -1.84178e+03 -1.54083e+01
  5220     96.985  4.37861e+02 -2.27841e+03 -1.84054e+03 -1.52843e+01
  5230     97.177  4.38730e+02 -2.27790e+03 -1.83917e+03 -1.50282e+01
  5240     97.260  4.39104e+02 -2.27677e+03 -1.83766e+03 -1.46624e+01
  5250     97.315  4.39352e+02 -2.27538e+03 -1.83603e+03 -1.42290e+01
  5260     97.411  4.39788e+02 -2.27407e+03 -1.83428e+03 -1.37665e+01
  5270     97.568  4.40497e+02 -2.27290e+03 -1.83240e+03 -1.32935e+01
  5280     97.749  4.41312e+02 -2.27173e+03 -1.83041e+03 -1.28044e+01
  5290     97.884  4.41921e+02 -2.27024e+03 -1.82832e+03 -1.22809e+01
  5300     97.915  4.42064e+02 -2.26819e+03 -1.82612e+03 -1.17102e+01
  5310     97.838  4.41713e+02 -2.26555e+03 -1.82383e+03 -1.11031e+01
  5320     97.712  4.41146e+02 -2.26259e+03 -1.82144e+03 -1.05007e+01
  5330     97.660  4.40910e+02 -2.25986e+03 -1.81895e+03 -9.96918e+00
  5340     97.828  4.41670e+02 -2.25802e+03 -1.81635e+03 -9.58351e+00
  5350     98.331  4.43940e+02 -2.25759e+03 -1.81365e+03 -9.39820e+00
  5360     99.174  4.47748e+02 -2.25859e+03 -1.81085e+03 -9.41619e+00
  5370    100.254  4.52620e+02 -2.26060e+03 -1.80798e+03 -9.58753e+00
  5380    101.440  4.57975e+02 -2.26306e+03 -1.80508e+03 -9.84865e+00
  5390    102.661  4.63489e+02 -2.26570e+03 -1.80221e+03 -1.01584e+01
  5400    103.885  4.69014e+02 -2.26845e+03 -1.79943e+03 -1.04919e+01
  5410    105.049  4.74270e+02 -2.27107e+03 -1.79680e+03 -1.08134e+01
  5420    106.053  4.78804e+02 -2.27318e+03 -1.79437e+03 -1.10731e+01
  5430    106.808  4.82211e+02 -2.27442e+03 -1.79221e+03 -1.12277e+01
  5440    107.263  4.84267e+02 -2.27463e+03 -1.79036e+03 -1.12538e+01
  5450    107.405  4.84908e+02 -2.27376e+03 -1.78885e+03 -1.11456e+01
  5460    107.263  4.84265e+02 -2.27196e+03 -1.78769e+03 -1.09188e+01
  5470    106.926  4.82743e+02 -2.26963e+03 -1.78688e+03 -1.06164e+01
  5480    106.523  4.80925e+02 -2.26733e+03 -1.78641e+03 -1.02983e+01
  5490    106.149  4.79236e+02 -2.26548e+03 -1.78624e+03 -1.00095e+01
  5500    105.798  4.77654e+02 -2.26402e+03 -1.78637e+03 -9.75201e+00
  5510    105.374  4.75740e+02 -2.26250e+03 -1.78676e+03 -9.48869e+00
  5520    104.786  4.73082e+02 -2.26049e+03 -1.78741e+03 -9.18586e+00
  5530    104.065  4.69827e+02 -2.25810e+03 -1.78827e+03 -8.86372e+00
  5540    103.399  4.66820e+02 -2.25613e+03 -1.78931e+03 -8.60897e+00
  5550    103.023  4.65122e+02 -2.25562e+03 -1.79050e+03 -8.52736e+00
  5560    103.047  4.65231e+02 -2.25706e+03 -1.79183e+03 -8.66820e+00
  5570    103.380  4.66736e+02 -2.26004e+03 -1.79330e+03 -8.98997e+00
  5580    103.812  4.68684e+02 -2.26361e+03 -1.79493e+03 -9.39539e+00
  5590    104.141  4.70172e+02 -2.26691e+03 -1.79674e+03 -9.78927e+00
  5600    104.251  4.70669e+02 -2.26941e+03 -1.79874e+03 -1.01123e+01
  5610    104.127  4.70106e+02 -2.27105e+03 -1.80094e+03 -1.03522e+01
  5620    103.841  4.68817e+02 -2.27214e+03 -1.80332e+03 -1.05370e+01
  5630    103.492  4.67240e+02 -2.27311e+03 -1.80587e+03 -1.07064e+01
  5640    103.110  4.65516e+02 -2.27409e+03 -1.80857e+03 -1.08734e+01
  5650    102.636  4.63374e+02 -2.27478e+03 -1.81140e+03 -1.10118e+01
  5660    101.993  4.60473e+02 -2.27480e+03 -1.81433e+03 -1.10900e+01
  5670    101.208  4.56928e+02 -2.27425e+03 -1.81733e+03 -1.11195e+01
  5680    100.434  4.53434e+02 -2.27378e+03 -1.82035e+03 -1.11669e+01
  5690     99.854  4.50817e+02 -2.27418e+03 -1.82337e+03 -1.13103e+01
  5700     99.540  4.49398e+02 -2.27576e+03 -1.82636e+03 -1.15772e+01
  5710     99.385  4.48698e+02 -2.27803e+03 -1.82933e+03 -1.19159e+01
  5720     99.164  4.47700e+02 -2.27996e+03 -1.83226e+03 -1.22213e+01
  5730     98.672  4.45478e+02 -2.28061e+03 -1.83514e+03 -1.23963e+01
  5740     97.842  4.41731e+02 -2.27966e+03 -1.83793e+03 -1.24069e+01
  5750     96.787  4.36968e+02 -2.27756e+03 -1.84059e+03 -1.22998e+01
  5760     95.746  4.32270e+02 -2.27535e+03 -1.84308e+03 -1.21799e+01
  5770     94.954  4.28696e+02 -2.27406e+03 -1.84537e+03 -1.21518e+01
  5780     94.497  4.26632e+02 -2.27405e+03 -1.84742e+03 -1.22556e+01
  5790     94.282  4.25661e+02 -2.27488e+03 -1.84922e+03 -1.24529e+01
  5800     94.159  4.25104e+02 -2.27588e+03 -1.85078e+03 -1.26777e+01
  5810     94.047  4.24601e+02 -2.27668e+03 -1.85208e+03 -1.28921e+01
  5820     93.959  4.24204e+02 -2.27732e+03 -1.85312e+03 -1.30972e+01
  5830     93.940  4.24116e+02 -2.27802e+03 -1.85390e+03 -1.33091e+01
  5840     94.009  4.24426e+02 -2.27885e+03 -1.85442e+03 -1.35338e+01
  5850     94.146  4.25044e+02 -2.27973e+03 -1.85469e+03 -1.37610e+01
  5860     94.319  4.25827e+02 -2.28053e+03 -1.85470e+03 -1.39755e+01
  5870     94.520  4.26734e+02 -2.28120e+03 -1.85447e+03 -1.41719e+01
  5880     94.753  4.27786e+02 -2.28178e+03 -1.85400e+03 -1.43504e+01
  5890     94.980  4.28813e+02 -2.28211e+03 -1.85329e+03 -1.44941e+01
  5900     95.102  4.29364e+02 -2.28174e+03 -1.85237e+03 -1.45612e+01
  5910     95.038  4.29073e+02 -2.28031e+03 -1.85123e+03 -1.45205e+01
  5920     94.842  4.28188e+02 -2.27807e+03 -1.84988e+03 -1.44011e+01
  5930     94.724  4.27655e+02 -2.27596e+03 -1.84830e+03 -1.42990e+01
  5940     94.920  4.28541e+02 -2.27504e+03 -1.84650e+03 -1.43194e+01
  5950     95.507  4.31190e+02 -2.27566e+03 -1.84447e+03 -1.44954e+01
  5960     96.328  4.34898e+02 -2.27712e+03 -1.84222e+03 -1.47567e+01
  5970     97.117  4.38460e+02 -2.27825e+03 -1.83979e+03 -1.49823e+01
  5980     97.687  4.41035e+02 -2.27825e+03 -1.83721e+03 -1.50841e+01
  5990     98.028  4.42574e+02 -2.27709e+03 -1.83452e+03 -1.50496e+01
