Step    T(K)    KE(kJ)    PE(kJ)    TotE(kJ)    P(MPa)
     0      0.204  9.20050e-01 -1.73049e+03 -1.72957e+03  1.90251e+02
    10      0.543  2.44942e+00 -1.73200e+03 -1.72955e+03  1.89950e+02
    20      1.410  6.36795e+00 -1.73585e+03 -1.72948e+03  1.89180e+02
    30      2.765  1.24854e+01 -1.74172e+03 -1.72924e+03  1.87981e+02
    40      4.554  2.05614e+01 -1.74920e+03 -1.72864e+03  1.86413e+02
    50      6.728  3.03743e+01 -1.75785e+03 -1.72747e+03  1.84543e+02
    60      9.255  4.17827e+01 -1.76725e+03 -1.72547e+03  1.82434e+02
    70     12.131  5.47671e+01 -1.77709e+03 -1.72233e+03  1.80144e+02
    80     15.382  6.94474e+01 -1.78715e+03 -1.71770e+03  1.77722e+02
    90     19.067  8.60828e+01 -1.79728e+03 -1.71120e+03  1.75207e+02
   100     23.271  1.05063e+02 -1.80741e+03 -1.70234e+03  1.72634e+02
   110     28.108  1.26899e+02 -1.81747e+03 -1.69057e+03  1.70033e+02
   120     33.717  1.52222e+02 -1.82744e+03 -1.67522e+03  1.67440e+02
   130     40.266  1.81790e+02 -1.83724e+03 -1.65545e+03  1.64890e+02
   140     47.954  2.16503e+02 -1.84681e+03 -1.63030e+03  1.62432e+02
   150     57.018  2.57424e+02 -1.85600e+03 -1.59858e+03  1.60121e+02
   160     67.734  3.05801e+02 -1.86468e+03 -1.55887e+03  1.58026e+02
   170     80.423  3.63090e+02 -1.87261e+03 -1.50952e+03  1.56234e+02
   180     95.459  4.30976e+02 -1.87953e+03 -1.44856e+03  1.54847e+02
   190    113.269  5.11382e+02 -1.88514e+03 -1.37376e+03  1.53985e+02
   200    134.331  6.06471e+02 -1.88910e+03 -1.28263e+03  1.53786e+02
   210    159.169  7.18608e+02 -1.89104e+03 -1.17244e+03  1.54400e+02
   220    188.328  8.50252e+02 -1.89063e+03 -1.04038e+03  1.55987e+02
   230    222.327  1.00375e+03 -1.88755e+03 -8.83798e+02  1.58703e+02
   240    261.578  1.18096e+03 -1.88146e+03 -7.00502e+02  1.62693e+02
   250    306.239  1.38259e+03 -1.87195e+03 -4.89353e+02  1.68078e+02
   260    356.005  1.60727e+03 -1.85826e+03 -2.50988e+02  1.74943e+02
   270    409.820  1.85024e+03 -1.83897e+03  1.12622e+01  1.83333e+02
   280    465.596  2.10205e+03 -1.81160e+03  2.90452e+02  1.93233e+02
   290    520.282  2.34895e+03 -1.77345e+03  5.75496e+02  2.04447e+02
   300    570.951  2.57770e+03 -1.72601e+03  8.51693e+02  2.16189e+02
   310    616.290  2.78240e+03 -1.67984e+03  1.10256e+03  2.26721e+02
   320    655.531  2.95956e+03 -1.64792e+03  1.31164e+03  2.34078e+02
   330    686.506  3.09940e+03 -1.63596e+03  1.46345e+03  2.37058e+02
   340    705.740  3.18624e+03 -1.64153e+03  1.54471e+03  2.35408e+02
   350    709.222  3.20196e+03 -1.65518e+03  1.54678e+03  2.29789e+02
   360    694.569  3.13581e+03 -1.66738e+03  1.46843e+03  2.21195e+02
   370    662.667  2.99178e+03 -1.67459e+03  1.31719e+03  2.10401e+02
   380    617.106  2.78608e+03 -1.67806e+03  1.10802e+03  1.97982e+02
   390    562.639  2.54018e+03 -1.68028e+03  8.59893e+02  1.84516e+02
   400    503.951  2.27521e+03 -1.68312e+03  5.92095e+02  1.70617e+02
   410    444.964  2.00890e+03 -1.68748e+03  3.21426e+02  1.56866e+02
   420    388.513  1.75404e+03 -1.69331e+03  6.07291e+01  1.43761e+02
   430    336.222  1.51796e+03 -1.69930e+03 -1.81337e+02  1.31738e+02
   440    288.712  1.30346e+03 -1.70313e+03 -3.99665e+02  1.21156e+02
   450    246.448  1.11265e+03 -1.70459e+03 -5.91935e+02  1.12046e+02
   460    210.754  9.51502e+02 -1.70997e+03 -7.58472e+02  1.03727e+02
   470    183.013  8.26257e+02 -1.72860e+03 -9.02345e+02  9.51642e+01
   480    161.297  7.28218e+02 -1.75591e+03 -1.02769e+03  8.65818e+01
   490    142.443  6.43094e+02 -1.78011e+03 -1.13702e+03  7.89515e+01
   500    126.059  5.69123e+02 -1.80100e+03 -1.23187e+03  7.22414e+01
   510    112.784  5.09192e+02 -1.82341e+03 -1.31422e+03  6.59242e+01
   520    102.480  4.62674e+02 -1.84904e+03 -1.38636e+03  5.97461e+01
   530     94.003  4.24399e+02 -1.87450e+03 -1.45010e+03  5.39352e+01
   540     86.701  3.91434e+02 -1.89799e+03 -1.50655e+03  4.86115e+01
   550     80.626  3.64005e+02 -1.92068e+03 -1.55668e+03  4.36290e+01
   560     75.773  3.42097e+02 -1.94352e+03 -1.60143e+03  3.88610e+01
   570     71.937  3.24777e+02 -1.96640e+03 -1.64163e+03  3.42835e+01
   580     68.904  3.11083e+02 -1.98901e+03 -1.67792e+03  2.99033e+01
   590     66.536  3.00395e+02 -2.01122e+03 -1.71083e+03  2.57162e+01
   600     64.714  2.92167e+02 -2.03291e+03 -1.74074e+03  2.17256e+01
   610     63.312  2.85836e+02 -2.05380e+03 -1.76796e+03  1.79474e+01
   620     62.271  2.81139e+02 -2.07387e+03 -1.79273e+03  1.43781e+01
   630     61.621  2.78204e+02 -2.09343e+03 -1.81523e+03  1.09811e+01
   640     61.392  2.77170e+02 -2.11282e+03 -1.83565e+03  7.72121e+00
   650     61.528  2.77782e+02 -2.13191e+03 -1.85413e+03  4.60583e+00
   660     61.899  2.79461e+02 -2.15022e+03 -1.87076e+03  1.68195e+00
   670     62.388  2.81664e+02 -2.16723e+03 -1.88557e+03 -9.98539e-01
   680     62.928  2.84103e+02 -2.18265e+03 -1.89855e+03 -3.40363e+00
   690     63.505  2.86710e+02 -2.19639e+03 -1.90968e+03 -5.52282e+00
   700     64.128  2.89522e+02 -2.20848e+03 -1.91896e+03 -7.35751e+00
   710     64.809  2.92597e+02 -2.21895e+03 -1.92635e+03 -8.91374e+00
   720     65.567  2.96017e+02 -2.22785e+03 -1.93183e+03 -1.02018e+01
   730     66.429  2.99912e+02 -2.23528e+03 -1.93537e+03 -1.12378e+01
   740     67.433  3.04443e+02 -2.24139e+03 -1.93694e+03 -1.20404e+01
   750     68.610  3.09758e+02 -2.24626e+03 -1.93650e+03 -1.26266e+01
   760     69.998  3.16024e+02 -2.25002e+03 -1.93399e+03 -1.30126e+01
   770     71.654  3.23500e+02 -2.25285e+03 -1.92935e+03 -1.32206e+01
   780     73.663  3.32570e+02 -2.25505e+03 -1.92248e+03 -1.32790e+01
   790     76.114  3.43635e+02 -2.25690e+03 -1.91326e+03 -1.32123e+01
   800     79.072  3.56993e+02 -2.25853e+03 -1.90154e+03 -1.30277e+01
   810     82.582  3.72836e+02 -2.25996e+03 -1.88712e+03 -1.27160e+01
   820     86.670  3.91296e+02 -2.26107e+03 -1.86978e+03 -1.22552e+01
   830     91.336  4.12357e+02 -2.26162e+03 -1.84926e+03 -1.16050e+01
   840     96.528  4.35798e+02 -2.26110e+03 -1.82530e+03 -1.07033e+01
   850    102.197  4.61394e+02 -2.25902e+03 -1.79762e+03 -9.48865e+00
   860    108.375  4.89286e+02 -2.25526e+03 -1.76598e+03 -7.93462e+00
   870    115.216  5.20172e+02 -2.25023e+03 -1.73006e+03 -6.06391e+00
   880    122.970  5.55178e+02 -2.24471e+03 -1.68953e+03 -3.92971e+00
   890    131.901  5.95500e+02 -2.23945e+03 -1.64395e+03 -1.57673e+00
   900    142.203  6.42009e+02 -2.23483e+03 -1.59282e+03  9.96368e-01
   910    153.919  6.94905e+02 -2.23055e+03 -1.53565e+03  3.86300e+00
   920    166.878  7.53414e+02 -2.22545e+03 -1.47203e+03  7.18108e+00
   930    180.714  8.15881e+02 -2.21767e+03 -1.40179e+03  1.11625e+01
   940    195.068  8.80682e+02 -2.20570e+03 -1.32502e+03  1.59715e+01
   950    209.852  9.47430e+02 -2.18949e+03 -1.24206e+03  2.16149e+01
   960    225.278  1.01707e+03 -2.17049e+03 -1.15341e+03  2.79502e+01
   970    241.473  1.09019e+03 -2.14984e+03 -1.05965e+03  3.48538e+01
   980    258.070  1.16512e+03 -2.12673e+03 -9.61605e+02  4.23742e+01
   990    274.300  1.23840e+03 -2.09897e+03 -8.60574e+02  5.06652e+01
  1000    289.400  1.30657e+03 -2.06486e+03 -7.58291e+02  5.97994e+01
  1010    302.980  1.36788e+03 -2.02464e+03 -6.56761e+02  6.96312e+01
  1020    315.133  1.42275e+03 -1.98074e+03 -5.57995e+02  7.97867e+01
  1030    325.964  1.47165e+03 -1.93551e+03 -4.63868e+02  8.98867e+01
  1040    335.557  1.51496e+03 -1.89109e+03 -3.76134e+02  9.95681e+01
  1050    344.535  1.55549e+03 -1.85184e+03 -2.96344e+02  1.08281e+02
  1060    353.343  1.59526e+03 -1.82110e+03 -2.25842e+02  1.15607e+02
  1070    360.796  1.62891e+03 -1.79491e+03 -1.66006e+02  1.21821e+02
  1080    364.745  1.64673e+03 -1.76505e+03 -1.18316e+02  1.27580e+02
  1090    366.158  1.65312e+03 -1.73697e+03 -8.38501e+01  1.32287e+02
  1100    369.476  1.66809e+03 -1.73109e+03 -6.29953e+01  1.34035e+02
  1110    375.701  1.69620e+03 -1.75234e+03 -5.61468e+01  1.32414e+02
  1120    379.736  1.71441e+03 -1.77857e+03 -6.41534e+01  1.29556e+02
  1130    376.846  1.70137e+03 -1.78881e+03 -8.74460e+01  1.27507e+02
  1140    367.288  1.65821e+03 -1.78334e+03 -1.25123e+02  1.26355e+02
  1150    354.229  1.59926e+03 -1.77447e+03 -1.75214e+02  1.25028e+02
  1160    340.294  1.53634e+03 -1.77183e+03 -2.35487e+02  1.22675e+02
  1170    326.650  1.47475e+03 -1.77865e+03 -3.03909e+02  1.19041e+02
  1180    313.622  1.41593e+03 -1.79467e+03 -3.78744e+02  1.14218e+02
  1190    300.558  1.35695e+03 -1.81537e+03 -4.58421e+02  1.08704e+02
  1200    286.460  1.29330e+03 -1.83452e+03 -5.41227e+02  1.03155e+02
  1210    271.598  1.22620e+03 -1.85156e+03 -6.25366e+02  9.77121e+01
  1220    256.346  1.15734e+03 -1.86656e+03 -7.09225e+02  9.24356e+01
  1230    240.886  1.08754e+03 -1.87888e+03 -7.91336e+02  8.74331e+01
  1240    226.578  1.02294e+03 -1.89359e+03 -8.70647e+02  8.22835e+01
  1250    213.772  9.65126e+02 -1.91183e+03 -9.46707e+02  7.69045e+01
  1260    201.432  9.09415e+02 -1.92849e+03 -1.01908e+03  7.17709e+01
  1270    189.732  8.56591e+02 -1.94388e+03 -1.08729e+03  6.68569e+01
  1280    179.604  8.10870e+02 -1.96211e+03 -1.15124e+03  6.17636e+01
  1290    171.557  7.74539e+02 -1.98578e+03 -1.21124e+03  5.62243e+01
  1300    165.475  7.47079e+02 -2.01483e+03 -1.26775e+03  5.02367e+01
  1310    160.730  7.25658e+02 -2.04685e+03 -1.32119e+03  4.40509e+01
  1320    156.300  7.05654e+02 -2.07740e+03 -1.37175e+03  3.81340e+01
  1330    151.287  6.83023e+02 -2.10232e+03 -1.41929e+03  3.29401e+01
  1340    145.382  6.56365e+02 -2.11987e+03 -1.46351e+03  2.86849e+01
  1350    138.808  6.26683e+02 -2.13078e+03 -1.50410e+03  2.53310e+01
  1360    132.049  5.96169e+02 -2.13706e+03 -1.54089e+03  2.26861e+01
  1370    125.556  5.66856e+02 -2.14076e+03 -1.57390e+03  2.05320e+01
  1380    119.605  5.39985e+02 -2.14324e+03 -1.60325e+03  1.86981e+01
  1390    114.398  5.16477e+02 -2.14561e+03 -1.62913e+03  1.70324e+01
  1400    110.169  4.97386e+02 -2.14918e+03 -1.65179e+03  1.53681e+01
  1410    107.139  4.83706e+02 -2.15522e+03 -1.67151e+03  1.35494e+01
  1420    105.355  4.75650e+02 -2.16422e+03 -1.68857e+03  1.15090e+01
  1430    104.568  4.72097e+02 -2.17528e+03 -1.70318e+03  9.32664e+00
  1440    104.358  4.71151e+02 -2.18663e+03 -1.71547e+03  7.17704e+00
  1450    104.396  4.71323e+02 -2.19682e+03 -1.72550e+03  5.21041e+00
  1460    104.575  4.72129e+02 -2.20541e+03 -1.73328e+03  3.48396e+00
  1470    104.968  4.73903e+02 -2.21272e+03 -1.73881e+03  1.97323e+00
  1480    105.718  4.77291e+02 -2.21941e+03 -1.74212e+03  6.19161e-01
  1490    106.937  4.82792e+02 -2.22598e+03 -1.74318e+03 -6.24170e-01
  1500    108.635  4.90461e+02 -2.23246e+03 -1.74200e+03 -1.75682e+00
  1510    110.715  4.99852e+02 -2.23838e+03 -1.73853e+03 -2.72642e+00
  1520    113.022  5.10268e+02 -2.24299e+03 -1.73273e+03 -3.45280e+00
  1530    115.436  5.21164e+02 -2.24572e+03 -1.72455e+03 -3.86887e+00
  1540    117.926  5.32407e+02 -2.24638e+03 -1.71398e+03 -3.94737e+00
  1550    120.542  5.44218e+02 -2.24517e+03 -1.70095e+03 -3.69651e+00
  1560    123.361  5.56945e+02 -2.24239e+03 -1.68544e+03 -3.13823e+00
  1570    126.457  5.70921e+02 -2.23831e+03 -1.66739e+03 -2.29508e+00
  1580    129.909  5.86508e+02 -2.23325e+03 -1.64674e+03 -1.19392e+00
  1590    133.814  6.04135e+02 -2.22754e+03 -1.62340e+03  1.31992e-01
  1600    138.256  6.24192e+02 -2.22148e+03 -1.59729e+03  1.65339e+00
  1610    143.307  6.46997e+02 -2.21530e+03 -1.56830e+03  3.34949e+00
  1620    149.046  6.72904e+02 -2.20924e+03 -1.53633e+03  5.19895e+00
  1630    155.557  7.02300e+02 -2.20357e+03 -1.50127e+03  7.18212e+00
  1640    162.869  7.35315e+02 -2.19833e+03 -1.46301e+03  9.30752e+00
  1650    170.877  7.71469e+02 -2.19298e+03 -1.42151e+03  1.16418e+01
  1660    179.320  8.09586e+02 -2.18638e+03 -1.37679e+03  1.43088e+01
  1670    187.867  8.48173e+02 -2.17722e+03 -1.32904e+03  1.74468e+01
  1680    196.210  8.85841e+02 -2.16440e+03 -1.27856e+03  2.11624e+01
  1690    204.088  9.21409e+02 -2.14716e+03 -1.22575e+03  2.55162e+01
  1700    211.382  9.54338e+02 -2.12547e+03 -1.17113e+03  3.04813e+01
  1710    218.307  9.85601e+02 -2.10079e+03 -1.11519e+03  3.58716e+01
  1720    225.530  1.01821e+03 -2.07654e+03 -1.05833e+03  4.13106e+01
  1730    233.836  1.05571e+03 -2.05653e+03 -1.00082e+03  4.63934e+01
  1740    243.299  1.09843e+03 -2.04133e+03 -9.42893e+02  5.10178e+01
  1750    253.533  1.14464e+03 -2.02963e+03 -8.84992e+02  5.52623e+01
  1760    264.267  1.19310e+03 -2.02086e+03 -8.27765e+02  5.91494e+01
  1770    275.112  1.24206e+03 -2.01411e+03 -7.72048e+02  6.27395e+01
  1780    285.379  1.28841e+03 -2.00729e+03 -7.18876e+02  6.62063e+01
  1790    294.148  1.32801e+03 -1.99746e+03 -6.69450e+02  6.98010e+01
  1800    300.852  1.35827e+03 -1.98327e+03 -6.25000e+02  7.36156e+01
  1810    305.901  1.38107e+03 -1.96764e+03 -5.86566e+02  7.73487e+01
  1820    309.697  1.39821e+03 -1.95312e+03 -5.54915e+02  8.07276e+01
  1830    311.554  1.40659e+03 -1.93722e+03 -5.30634e+02  8.39453e+01
  1840    310.717  1.40281e+03 -1.91692e+03 -5.14115e+02  8.72446e+01
  1850    307.380  1.38775e+03 -1.89315e+03 -5.05403e+02  9.05085e+01
  1860    302.650  1.36639e+03 -1.87057e+03 -5.04179e+02  9.32730e+01
  1870    297.966  1.34524e+03 -1.85516e+03 -5.09923e+02  9.49596e+01
  1880    294.351  1.32892e+03 -1.85106e+03 -5.22132e+02  9.51783e+01
  1890    291.593  1.31647e+03 -1.85692e+03 -5.40454e+02  9.40705e+01
  1900    287.971  1.30012e+03 -1.86468e+03 -5.64565e+02  9.24225e+01
  1910    281.900  1.27271e+03 -1.86661e+03 -5.93906e+02  9.09980e+01
  1920    273.582  1.23515e+03 -1.86276e+03 -6.27605e+02  8.98407e+01
  1930    264.464  1.19399e+03 -1.85868e+03 -6.64686e+02  8.84650e+01
  1940    255.955  1.15557e+03 -1.85989e+03 -7.04316e+02  8.63713e+01
  1950    249.155  1.12487e+03 -1.87084e+03 -7.45963e+02  8.31706e+01
  1960    243.889  1.10110e+03 -1.89047e+03 -7.89370e+02  7.89993e+01
  1970    238.567  1.07707e+03 -1.91132e+03 -8.34244e+02  7.46005e+01
  1980    232.361  1.04905e+03 -1.92914e+03 -8.80083e+02  7.04389e+01
  1990    225.394  1.01760e+03 -1.94390e+03 -9.26297e+02  6.65790e+01
  2000    217.859  9.83581e+02 -1.95588e+03 -9.72302e+02  6.30310e+01
  2010    210.178  9.48903e+02 -1.96648e+03 -1.01757e+03  5.96899e+01
  2020    202.631  9.14830e+02 -1.97654e+03 -1.06171e+03  5.64842e+01
  2030    194.965  8.80218e+02 -1.98454e+03 -1.10433e+03  5.35463e+01
  2040    187.137  8.44878e+02 -1.98993e+03 -1.14506e+03  5.09149e+01
  2050    179.708  8.11335e+02 -1.99494e+03 -1.18361e+03  4.83647e+01
  2060    173.423  7.82962e+02 -2.00286e+03 -1.21989e+03  4.55713e+01
  2070    168.550  7.60962e+02 -2.01497e+03 -1.25401e+03  4.23993e+01
  2080    164.968  7.44789e+02 -2.03088e+03 -1.28610e+03  3.88847e+01
  2090    162.550  7.33871e+02 -2.05018e+03 -1.31631e+03  3.50863e+01
  2100    160.839  7.26148e+02 -2.07093e+03 -1.34479e+03  3.12201e+01
  2110    159.021  7.17942e+02 -2.08948e+03 -1.37154e+03  2.76715e+01
  2120    156.511  7.06610e+02 -2.10308e+03 -1.39647e+03  2.47410e+01
  2130    153.164  6.91497e+02 -2.11090e+03 -1.41940e+03  2.25325e+01
  2140    149.165  6.73441e+02 -2.11362e+03 -1.44018e+03  2.09851e+01
  2150    145.045  6.54841e+02 -2.11354e+03 -1.45870e+03  1.98665e+01
  2160    141.527  6.38960e+02 -2.11392e+03 -1.47495e+03  1.88434e+01
  2170    139.063  6.27834e+02 -2.11685e+03 -1.48901e+03  1.76893e+01
  2180    137.554  6.21021e+02 -2.12199e+03 -1.50097e+03  1.64147e+01
  2190    136.611  6.16763e+02 -2.12765e+03 -1.51088e+03  1.51700e+01
  2200    135.953  6.13794e+02 -2.13258e+03 -1.51879e+03  1.40742e+01
  2210    135.528  6.11874e+02 -2.13657e+03 -1.52469e+03  1.31581e+01
  2220    135.364  6.11133e+02 -2.13974e+03 -1.52861e+03  1.24196e+01
  2230    135.413  6.11358e+02 -2.14190e+03 -1.53054e+03  1.18885e+01
  2240    135.560  6.12019e+02 -2.14251e+03 -1.53050e+03  1.16221e+01
  2250    135.729  6.12783e+02 -2.14125e+03 -1.52847e+03  1.16547e+01
  2260    135.967  6.13858e+02 -2.13832e+03 -1.52447e+03  1.19645e+01
  2270    136.414  6.15878e+02 -2.13436e+03 -1.51848e+03  1.24845e+01
  2280    137.235  6.19580e+02 -2.13008e+03 -1.51049e+03  1.31352e+01
  2290    138.613  6.25802e+02 -2.12629e+03 -1.50049e+03  1.38278e+01
  2300    140.806  6.35704e+02 -2.12412e+03 -1.48842e+03  1.44490e+01
  2310    144.024  6.50233e+02 -2.12444e+03 -1.47421e+03  1.49154e+01
  2320    148.251  6.69316e+02 -2.12709e+03 -1.45777e+03  1.52480e+01
  2330    153.341  6.92296e+02 -2.13135e+03 -1.43905e+03  1.55311e+01
  2340    159.143  7.18491e+02 -2.13649e+03 -1.41800e+03  1.58573e+01
  2350    165.411  7.46790e+02 -2.14142e+03 -1.39463e+03  1.63592e+01
  2360    171.747  7.75397e+02 -2.14443e+03 -1.36903e+03  1.72247e+01
  2370    177.740  8.02450e+02 -2.14381e+03 -1.34136e+03  1.86294e+01
  2380    183.138  8.26824e+02 -2.13870e+03 -1.31188e+03  2.06578e+01
  2390    187.906  8.48351e+02 -2.12920e+03 -1.28084e+03  2.32827e+01
  2400    192.192  8.67700e+02 -2.11623e+03 -1.24853e+03  2.63822e+01
  2410    196.312  8.86300e+02 -2.10146e+03 -1.21516e+03  2.97573e+01
  2420    200.649  9.05879e+02 -2.08677e+03 -1.18089e+03  3.31857e+01
  2430    205.434  9.27482e+02 -2.07334e+03 -1.14586e+03  3.65152e+01
  2440    210.698  9.51250e+02 -2.06147e+03 -1.11022e+03  3.96808e+01
  2450    216.406  9.77021e+02 -2.05116e+03 -1.07414e+03  4.26454e+01
  2460    222.486  1.00447e+03 -2.04234e+03 -1.03787e+03  4.53868e+01
  2470    228.764  1.03281e+03 -2.03453e+03 -1.00171e+03  4.79240e+01
  2480    235.042  1.06116e+03 -2.02720e+03 -9.66047e+02  5.02870e+01
  2490    241.371  1.08973e+03 -2.02102e+03 -9.31287e+02  5.24076e+01
  2500    248.083  1.12003e+03 -2.01789e+03 -8.97859e+02  5.41173e+01
  2510    254.844  1.15056e+03 -2.01678e+03 -8.66224e+02  5.55305e+01
  2520    260.793  1.17742e+03 -2.01438e+03 -8.36957e+02  5.69696e+01
  2530    265.825  1.20013e+03 -2.01080e+03 -8.10669e+02  5.84453e+01
  2540    269.835  1.21824e+03 -2.00613e+03 -7.87892e+02  5.99670e+01
  2550    272.246  1.22913e+03 -1.99822e+03 -7.69091e+02  6.17296e+01
  2560    273.047  1.23274e+03 -1.98735e+03 -7.54607e+02  6.36907e+01
  2570    272.547  1.23048e+03 -1.97508e+03 -7.44596e+02  6.56596e+01
  2580    271.342  1.22504e+03 -1.96409e+03 -7.39052e+02  6.73062e+01
  2590    271.398  1.22529e+03 -1.96319e+03 -7.37893e+02  6.77568e+01
  2600    273.163  1.23326e+03 -1.97439e+03 -7.41128e+02  6.68194e+01
  2610    273.778  1.23604e+03 -1.98492e+03 -7.48880e+02  6.57245e+01
  2620    271.027  1.22362e+03 -1.98472e+03 -7.61105e+02  6.54724e+01
  2630    265.106  1.19689e+03 -1.97428e+03 -7.77398e+02  6.60595e+01
  2640    257.645  1.16320e+03 -1.96030e+03 -7.97097e+02  6.68572e+01
  2650    250.479  1.13085e+03 -1.95039e+03 -8.19536e+02  6.71310e+01
  2660    244.435  1.10357e+03 -1.94778e+03 -8.44210e+02  6.65555e+01
  2670    239.423  1.08093e+03 -1.95169e+03 -8.70755e+02  6.52000e+01
  2680    235.205  1.06189e+03 -1.96079e+03 -8.98904e+02  6.32187e+01
  2690    231.194  1.04379e+03 -1.97220e+03 -9.28418e+02  6.09239e+01
  2700    226.673  1.02337e+03 -1.98237e+03 -9.59000e+02  5.86916e+01
  2710    221.137  9.98381e+02 -1.98863e+03 -9.90249e+02  5.68083e+01
  2720    214.411  9.68011e+02 -1.98968e+03 -1.02167e+03  5.54109e+01
  2730    206.914  9.34167e+02 -1.98689e+03 -1.05272e+03  5.43639e+01
  2740    199.746  9.01806e+02 -1.98479e+03 -1.08299e+03  5.32210e+01
  2750    193.950  8.75636e+02 -1.98791e+03 -1.11227e+03  5.15368e+01
  2760    189.574  8.55878e+02 -1.99642e+03 -1.14055e+03  4.92801e+01
  2770    185.888  8.39238e+02 -2.00702e+03 -1.16779e+03  4.67683e+01
  2780    182.269  8.22901e+02 -2.01681e+03 -1.19391e+03  4.42986e+01
  2790    178.611  8.06383e+02 -2.02516e+03 -1.21878e+03  4.19585e+01
  2800    175.265  7.91277e+02 -2.03357e+03 -1.24230e+03  3.96342e+01
  2810    172.751  7.79927e+02 -2.04438e+03 -1.26445e+03  3.71302e+01
  2820    171.272  7.73251e+02 -2.05854e+03 -1.28529e+03  3.43782e+01
  2830    170.410  7.69360e+02 -2.07424e+03 -1.30488e+03  3.15747e+01
  2840    169.406  7.64826e+02 -2.08806e+03 -1.32323e+03  2.90696e+01
  2850    167.655  7.56920e+02 -2.09718e+03 -1.34026e+03  2.71520e+01
  2860    164.960  7.44752e+02 -2.10059e+03 -1.35584e+03  2.59274e+01
  2870    161.734  7.30191e+02 -2.10002e+03 -1.36983e+03  2.52234e+01
  2880    158.930  7.17530e+02 -2.09970e+03 -1.38217e+03  2.46241e+01
  2890    157.059  7.09083e+02 -2.10195e+03 -1.39287e+03  2.38852e+01
  2900    155.841  7.03584e+02 -2.10552e+03 -1.40194e+03  2.30978e+01
  2910    155.054  7.00031e+02 -2.10943e+03 -1.40940e+03  2.23450e+01
  2920    154.720  6.98524e+02 -2.11377e+03 -1.41525e+03  2.16182e+01
  2930    154.792  6.98845e+02 -2.11836e+03 -1.41951e+03  2.09435e+01
  2940    155.052  7.00023e+02 -2.12222e+03 -1.42220e+03  2.04211e+01
  2950    155.233  7.00837e+02 -2.12414e+03 -1.42330e+03  2.01725e+01
  2960    155.212  7.00745e+02 -2.12357e+03 -1.42283e+03  2.02480e+01
  2970    155.198  7.00679e+02 -2.12146e+03 -1.42078e+03  2.05520e+01
  2980    155.583  7.02420e+02 -2.11958e+03 -1.41716e+03  2.09050e+01
  2990    156.567  7.06860e+02 -2.11881e+03 -1.41195e+03  2.12121e+01
  3000    158.026  7.13450e+02 -2.11860e+03 -1.40515e+03  2.15160e+01
  3010    159.797  7.21442e+02 -2.11821e+03 -1.39677e+03  2.18800e+01
  3020    161.984  7.31316e+02 -2.11813e+03 -1.38682e+03  2.22557e+01
  3030    164.791  7.43991e+02 -2.11930e+03 -1.37531e+03  2.25570e+01
  3040    168.131  7.59072e+02 -2.12132e+03 -1.36225e+03  2.28216e+01
  3050    171.667  7.75035e+02 -2.12273e+03 -1.34770e+03  2.31909e+01
  3060    175.165  7.90829e+02 -2.12255e+03 -1.33172e+03  2.37590e+01
  3070    178.655  8.06583e+02 -2.12101e+03 -1.31443e+03  2.45072e+01
  3080    182.266  8.22887e+02 -2.11880e+03 -1.29591e+03  2.53737e+01
  3090    186.028  8.39871e+02 -2.11614e+03 -1.27627e+03  2.63402e+01
  3100    189.879  8.57256e+02 -2.11288e+03 -1.25562e+03  2.74252e+01
  3110    193.820  8.75048e+02 -2.10915e+03 -1.23411e+03  2.86206e+01
  3120    197.939  8.93647e+02 -2.10550e+03 -1.21186e+03  2.98822e+01
  3130    202.168  9.12738e+02 -2.10177e+03 -1.18903e+03  3.12309e+01
  3140    206.099  9.30488e+02 -2.09631e+03 -1.16582e+03  3.28194e+01
  3150    209.311  9.44989e+02 -2.08747e+03 -1.14248e+03  3.47933e+01
  3160    211.796  9.56206e+02 -2.07546e+03 -1.11925e+03  3.71122e+01
  3170    214.002  9.66167e+02 -2.06250e+03 -1.09633e+03  3.95416e+01
  3180    216.497  9.77429e+02 -2.05126e+03 -1.07383e+03  4.18058e+01
  3190    219.442  9.90727e+02 -2.04258e+03 -1.05185e+03  4.38086e+01
  3200    222.553  1.00477e+03 -2.03530e+03 -1.03052e+03  4.56472e+01
  3210    225.548  1.01829e+03 -2.02832e+03 -1.01003e+03  4.74230e+01
  3220    228.269  1.03058e+03 -2.02115e+03 -9.90578e+02  4.91857e+01
  3230    230.567  1.04095e+03 -2.01331e+03 -9.72359e+02  5.09804e+01
  3240    232.313  1.04884e+03 -2.00440e+03 -9.55565e+02  5.28395e+01
  3250    233.454  1.05399e+03 -1.99434e+03 -9.40352e+02  5.47581e+01
  3260    234.125  1.05702e+03 -1.98385e+03 -9.26834e+02  5.66446e+01
  3270    234.850  1.06029e+03 -1.97536e+03 -9.15076e+02  5.82449e+01
  3280    236.261  1.06666e+03 -1.97177e+03 -9.05113e+02  5.92633e+01
  3290    238.768  1.07798e+03 -1.97499e+03 -8.97010e+02  5.95146e+01
  3300    241.756  1.09147e+03 -1.98238e+03 -8.90910e+02  5.92520e+01
  3310    243.487  1.09928e+03 -1.98630e+03 -8.87015e+02  5.91947e+01
  3320    243.067  1.09739e+03 -1.98286e+03 -8.85472e+02  5.97090e+01
  3330    241.244  1.08916e+03 -1.97543e+03 -8.86274e+02  6.04784e+01
  3340    239.225  1.08004e+03 -1.96934e+03 -8.89297e+02  6.09875e+01
  3350    237.699  1.07315e+03 -1.96755e+03 -8.94400e+02  6.09314e+01
  3360    237.423  1.07191e+03 -1.97341e+03 -9.01501e+02  5.99950e+01
  3370    238.460  1.07659e+03 -1.98722e+03 -9.10629e+02  5.81736e+01
  3380    239.406  1.08086e+03 -2.00272e+03 -9.21861e+02  5.60886e+01
  3390    239.152  1.07971e+03 -2.01494e+03 -9.35225e+02  5.42621e+01
  3400    237.261  1.07117e+03 -2.02179e+03 -9.50618e+02  5.29422e+01
  3410    233.686  1.05504e+03 -2.02283e+03 -9.67796e+02  5.22057e+01
  3420    228.762  1.03280e+03 -2.01921e+03 -9.86403e+02  5.19579e+01
  3430    223.170  1.00756e+03 -2.01359e+03 -1.00604e+03  5.19448e+01
  3440    217.550  9.82185e+02 -2.00851e+03 -1.02633e+03  5.19177e+01
  3450    211.975  9.57013e+02 -2.00396e+03 -1.04695e+03  5.18536e+01
  3460    206.261  9.31216e+02 -1.99880e+03 -1.06758e+03  5.18331e+01
  3470    200.646  9.05867e+02 -1.99380e+03 -1.08793e+03  5.17586e+01
  3480    195.644  8.83283e+02 -1.99106e+03 -1.10777e+03  5.14090e+01
  3490    191.724  8.65587e+02 -1.99255e+03 -1.12697e+03  5.05756e+01
  3500    189.302  8.54650e+02 -2.00014e+03 -1.14549e+03  4.90803e+01
  3510    188.261  8.49952e+02 -2.01334e+03 -1.16339e+03  4.69785e+01
  3520    187.777  8.47768e+02 -2.02849e+03 -1.18072e+03  4.46371e+01
  3530    187.110  8.44754e+02 -2.04223e+03 -1.19747e+03  4.24031e+01
  3540    186.122  8.40293e+02 -2.05389e+03 -1.21360e+03  4.03736e+01
  3550    185.036  8.35390e+02 -2.06444e+03 -1.22905e+03  3.84897e+01
  3560    184.015  8.30783e+02 -2.07456e+03 -1.24377e+03  3.67127e+01
  3570    182.940  8.25931e+02 -2.08368e+03 -1.25775e+03  3.51227e+01
  3580    181.523  8.19531e+02 -2.09046e+03 -1.27092e+03  3.38718e+01
  3590    179.608  8.10887e+02 -2.09410e+03 -1.28321e+03  3.30526e+01
  3600    177.238  8.00187e+02 -2.09472e+03 -1.29453e+03  3.26670e+01
  3610    174.358  7.87183e+02 -2.09195e+03 -1.30477e+03  3.27446e+01
  3620    170.813  7.71179e+02 -2.08499e+03 -1.31381e+03  3.33429e+01
  3630    166.807  7.53093e+02 -2.07462e+03 -1.32153e+03  3.43573e+01
  3640    162.990  7.35859e+02 -2.06368e+03 -1.32783e+03  3.54859e+01
  3650    159.941  7.22093e+02 -2.05473e+03 -1.33264e+03  3.64492e+01
  3660    157.808  7.12466e+02 -2.04840e+03 -1.33594e+03  3.71461e+01
  3670    156.694  7.07434e+02 -2.04513e+03 -1.33770e+03  3.75019e+01
  3680    156.954  7.08610e+02 -2.04653e+03 -1.33792e+03  3.73466e+01
  3690    158.762  7.16771e+02 -2.05337e+03 -1.33660e+03  3.66019e+01
  3700    161.813  7.30544e+02 -2.06432e+03 -1.33377e+03  3.54071e+01
  3710    165.552  7.47425e+02 -2.07689e+03 -1.32947e+03  3.40247e+01
  3720    169.370  7.64663e+02 -2.08842e+03 -1.32376e+03  3.27484e+01
  3730    172.758  7.79960e+02 -2.09669e+03 -1.31673e+03  3.18243e+01
  3740    175.503  7.92354e+02 -2.10084e+03 -1.30849e+03  3.13613e+01
  3750    177.730  8.02408e+02 -2.10156e+03 -1.29915e+03  3.13111e+01
  3760    179.714  8.11363e+02 -2.10016e+03 -1.28879e+03  3.15503e+01
  3770    181.703  8.20344e+02 -2.09784e+03 -1.27749e+03  3.19584e+01
  3780    183.894  8.30238e+02 -2.09553e+03 -1.26530e+03  3.24366e+01
  3790    186.356  8.41351e+02 -2.09362e+03 -1.25227e+03  3.29424e+01
  3800    188.939  8.53012e+02 -2.09148e+03 -1.23847e+03  3.35251e+01
  3810    191.431  8.64262e+02 -2.08827e+03 -1.22401e+03  3.42592e+01
  3820    193.824  8.75067e+02 -2.08404e+03 -1.20898e+03  3.51325e+01
  3830    196.345  8.86451e+02 -2.07993e+03 -1.19348e+03  3.60365e+01
  3840    199.235  8.99497e+02 -2.07709e+03 -1.17759e+03  3.68633e+01
  3850    202.514  9.14301e+02 -2.07572e+03 -1.16142e+03  3.76030e+01
  3860    205.868  9.29441e+02 -2.07453e+03 -1.14509e+03  3.83877e+01
  3870    208.727  9.42353e+02 -2.07112e+03 -1.12877e+03  3.94462e+01
  3880    210.646  9.51016e+02 -2.06367e+03 -1.11265e+03  4.09383e+01
  3890    211.690  9.55730e+02 -2.05265e+03 -1.09692e+03  4.27902e+01
  3900    212.597  9.59825e+02 -2.04150e+03 -1.08168e+03  4.46406e+01
  3910    214.495  9.68392e+02 -2.03533e+03 -1.06694e+03  4.59787e+01
  3920    218.022  9.84317e+02 -2.03704e+03 -1.05272e+03  4.65218e+01
  3930    222.729  1.00557e+03 -2.04469e+03 -1.03913e+03  4.64632e+01
  3940    227.255  1.02600e+03 -2.05238e+03 -1.02638e+03  4.63814e+01
  3950    230.196  1.03928e+03 -2.05409e+03 -1.01481e+03  4.68594e+01
  3960    231.134  1.04351e+03 -2.04821e+03 -1.00469e+03  4.80494e+01
  3970    230.670  1.04142e+03 -2.03759e+03 -9.96176e+02  4.96625e+01
  3980    229.710  1.03709e+03 -2.02635e+03 -9.89269e+02  5.12800e+01
  3990    228.751  1.03275e+03 -2.01668e+03 -9.83923e+02  5.26619e+01
  4000    227.663  1.02784e+03 -2.00792e+03 -9.80071e+02  5.38408e+01
  4010    226.324  1.02180e+03 -1.99944e+03 -9.77645e+02  5.48606e+01
  4020    225.116  1.01634e+03 -1.99291e+03 -9.76565e+02  5.55644e+01
  4030    224.612  1.01407e+03 -1.99083e+03 -9.76759e+02  5.57249e+01
  4040    224.963  1.01565e+03 -1.99385e+03 -9.78198e+02  5.52985e+01
  4050    225.741  1.01916e+03 -2.00007e+03 -9.80905e+02  5.44924e+01
  4060    226.292  1.02165e+03 -2.00657e+03 -9.84923e+02  5.36185e+01
  4070    225.888  1.01983e+03 -2.01010e+03 -9.90273e+02  5.30201e+01
  4080    223.932  1.01100e+03 -2.00789e+03 -9.96892e+02  5.29763e+01
  4090    220.611  9.96006e+02 -2.00062e+03 -1.00461e+03  5.34237e+01
  4100    216.960  9.79520e+02 -1.99274e+03 -1.01322e+03  5.39318e+01
  4110    213.742  9.64993e+02 -1.98751e+03 -1.02251e+03  5.41664e+01
  4120    211.168  9.53371e+02 -1.98570e+03 -1.03233e+03  5.40246e+01
  4130    209.366  9.45235e+02 -1.98781e+03 -1.04257e+03  5.34550e+01
  4140    208.121  9.39615e+02 -1.99279e+03 -1.05318e+03  5.25652e+01
  4150    206.871  9.33973e+02 -1.99807e+03 -1.06409e+03  5.16173e+01
  4160    205.292  9.26843e+02 -2.00209e+03 -1.07525e+03  5.07809e+01
  4170    203.365  9.18144e+02 -2.00468e+03 -1.08654e+03  5.00943e+01
  4180    201.094  9.07889e+02 -2.00574e+03 -1.09786e+03  4.95814e+01
  4190    198.435  8.95884e+02 -2.00496e+03 -1.10908e+03  4.92808e+01
  4200    195.376  8.82075e+02 -2.00213e+03 -1.12006e+03  4.92130e+01
  4210    192.055  8.67081e+02 -1.99773e+03 -1.13065e+03  4.93275e+01
  4220    188.779  8.52292e+02 -1.99300e+03 -1.14071e+03  4.94916e+01
  4230    185.897  8.39279e+02 -1.98940e+03 -1.15013e+03  4.95446e+01
  4240    183.653  8.29146e+02 -1.98796e+03 -1.15882e+03  4.93623e+01
  4250    182.143  8.22329e+02 -1.98907e+03 -1.16674e+03  4.88810e+01
  4260    181.491  8.19386e+02 -1.99327e+03 -1.17388e+03  4.80314e+01
  4270    181.979  8.21588e+02 -2.00184e+03 -1.18025e+03  4.66909e+01
  4280    183.699  8.29355e+02 -2.01528e+03 -1.18592e+03  4.48332e+01
  4290    186.098  8.40188e+02 -2.03116e+03 -1.19097e+03  4.27188e+01
  4300    188.186  8.49615e+02 -2.04510e+03 -1.19549e+03  4.08018e+01
  4310    189.255  8.54440e+02 -2.05396e+03 -1.19952e+03  3.94170e+01
  4320    189.388  8.55041e+02 -2.05814e+03 -1.20310e+03  3.85551e+01
  4330    189.195  8.54170e+02 -2.06038e+03 -1.20621e+03  3.79693e+01
  4340    189.101  8.53745e+02 -2.06260e+03 -1.20886e+03  3.74778e+01
  4350    189.025  8.53400e+02 -2.06443e+03 -1.21103e+03  3.71083e+01
  4360    188.564  8.51319e+02 -2.06404e+03 -1.21272e+03  3.70255e+01
  4370    187.438  8.46236e+02 -2.06014e+03 -1.21391e+03  3.73430e+01
  4380    185.769  8.38701e+02 -2.05325e+03 -1.21455e+03  3.80000e+01
  4390    183.996  8.30695e+02 -2.04527e+03 -1.21458e+03  3.87946e+01
  4400    182.674  8.24727e+02 -2.03867e+03 -1.21394e+03  3.94725e+01
  4410    182.214  8.22651e+02 -2.03524e+03 -1.21259e+03  3.98467e+01
  4420    182.518  8.24024e+02 -2.03453e+03 -1.21051e+03  3.99513e+01
  4430    183.108  8.26687e+02 -2.03437e+03 -1.20769e+03  3.99855e+01
  4440    183.694  8.29333e+02 -2.03348e+03 -1.20415e+03  4.00732e+01
  4450    184.354  8.32312e+02 -2.03223e+03 -1.19991e+03  4.01830e+01
  4460    185.348  8.36799e+02 -2.03180e+03 -1.19500e+03  4.02035e+01
  4470    186.989  8.44210e+02 -2.03365e+03 -1.18944e+03  4.00017e+01
  4480    189.429  8.55223e+02 -2.03847e+03 -1.18325e+03  3.95192e+01
  4490    192.325  8.68302e+02 -2.04482e+03 -1.17652e+03  3.89061e+01
  4500    195.110  8.80874e+02 -2.05021e+03 -1.16934e+03  3.84078e+01
  4510    197.591  8.92073e+02 -2.05390e+03 -1.16183e+03  3.81117e+01
  4520    199.877  9.02396e+02 -2.05651e+03 -1.15412e+03  3.79771e+01
  4530    202.045  9.12181e+02 -2.05849e+03 -1.14631e+03  3.79750e+01
  4540    204.152  9.21697e+02 -2.06019e+03 -1.13850e+03  3.80816e+01
  4550    206.148  9.30709e+02 -2.06150e+03 -1.13079e+03  3.83170e+01
  4560    207.737  9.37880e+02 -2.06117e+03 -1.12329e+03  3.87945e+01
  4570    208.657  9.42033e+02 -2.05814e+03 -1.11610e+03  3.96038e+01
  4580    209.023  9.43689e+02 -2.05298e+03 -1.10929e+03  4.06739e+01
  4590    209.034  9.43738e+02 -2.04662e+03 -1.10288e+03  4.18984e+01
  4600    208.641  9.41962e+02 -2.03886e+03 -1.09690e+03  4.32720e+01
  4610    207.726  9.37831e+02 -2.02916e+03 -1.09133e+03  4.48185e+01
  4620    206.345  9.31598e+02 -2.01774e+03 -1.08614e+03  4.64879e+01
  4630    204.876  9.24966e+02 -2.00624e+03 -1.08128e+03  4.80956e+01
  4640    204.043  9.21202e+02 -1.99786e+03 -1.07666e+03  4.93179e+01
  4650    204.596  9.23702e+02 -1.99593e+03 -1.07223e+03  4.98362e+01
  4660    206.708  9.33238e+02 -2.00122e+03 -1.06798e+03  4.95966e+01
  4670    209.627  9.46413e+02 -2.01041e+03 -1.06400e+03  4.89460e+01
  4680    212.176  9.57923e+02 -2.01833e+03 -1.06040e+03  4.84103e+01
  4690    213.544  9.64097e+02 -2.02144e+03 -1.05734e+03  4.83571e+01
  4700    213.492  9.63865e+02 -2.01878e+03 -1.05491e+03  4.88973e+01
  4710    212.226  9.58150e+02 -2.01127e+03 -1.05312e+03  4.99412e+01
  4720    210.286  9.49390e+02 -2.00131e+03 -1.05192e+03  5.12507e+01
  4730    208.174  9.39852e+02 -1.99106e+03 -1.05121e+03  5.26036e+01
  4740    206.061  9.30315e+02 -1.98119e+03 -1.05087e+03  5.39167e+01
  4750    204.156  9.21714e+02 -1.97253e+03 -1.05082e+03  5.50959e+01
  4760    202.692  9.15104e+02 -1.96605e+03 -1.05095e+03  5.60328e+01
  4770    201.668  9.10480e+02 -1.96167e+03 -1.05119e+03  5.67049e+01
  4780    201.199  9.08363e+02 -1.95987e+03 -1.05150e+03  5.70369e+01
  4790    201.639  9.10352e+02 -1.96222e+03 -1.05187e+03  5.68630e+01
  4800    202.925  9.16155e+02 -1.96846e+03 -1.05230e+03  5.62036e+01
  4810    204.635  9.23876e+02 -1.97674e+03 -1.05287e+03  5.52428e+01
  4820    206.617  9.32826e+02 -1.98647e+03 -1.05365e+03  5.40703e+01
  4830    208.723  9.42332e+02 -1.99707e+03 -1.05474e+03  5.27835e+01
  4840    210.365  9.49745e+02 -2.00598e+03 -1.05624e+03  5.16611e+01
  4850    210.928  9.52287e+02 -2.01052e+03 -1.05823e+03  5.09894e+01
  4860    210.206  9.49029e+02 -2.00975e+03 -1.06072e+03  5.08761e+01
  4870    208.306  9.40452e+02 -2.00412e+03 -1.06367e+03  5.12843e+01
  4880    205.475  9.27670e+02 -1.99463e+03 -1.06696e+03  5.21023e+01
  4890    202.184  9.12813e+02 -1.98325e+03 -1.07044e+03  5.31076e+01
  4900    199.351  9.00019e+02 -1.97398e+03 -1.07396e+03  5.38806e+01
  4910    198.119  8.94458e+02 -1.97187e+03 -1.07741e+03  5.39079e+01
  4920    198.963  8.98269e+02 -1.97905e+03 -1.08078e+03  5.29688e+01
  4930    201.211  9.08419e+02 -1.99254e+03 -1.08412e+03  5.13414e+01
  4940    203.646  9.19411e+02 -2.00697e+03 -1.08756e+03  4.95509e+01
  4950    205.330  9.27012e+02 -2.01820e+03 -1.09118e+03  4.80122e+01
  4960    206.001  9.30043e+02 -2.02511e+03 -1.09506e+03  4.68516e+01
  4970    205.885  9.29522e+02 -2.02874e+03 -1.09922e+03  4.59785e+01
  4980    205.340  9.27058e+02 -2.03068e+03 -1.10362e+03  4.52350e+01
  4990    204.742  9.24361e+02 -2.03262e+03 -1.10826e+03  4.44471e+01
  5000    204.459  9.23080e+02 -2.03617e+03 -1.11309e+03  4.34474e+01
  5010    204.754  9.24412e+02 -2.04254e+03 -1.11813e+03  4.21195e+01
  5020    205.716  9.28758e+02 -2.05215e+03 -1.12339e+03  4.04382e+01
  5030    207.138  9.35179e+02 -2.06413e+03 -1.12895e+03  3.85232e+01
  5040    208.475  9.41211e+02 -2.07609e+03 -1.13487e+03  3.66500e+01
  5050    209.056  9.43838e+02 -2.08505e+03 -1.14121e+03  3.51495e+01
  5060    208.336  9.40585e+02 -2.08855e+03 -1.14797e+03  3.42944e+01
  5070    206.099  9.30487e+02 -2.08553e+03 -1.15504e+03  3.41992e+01
  5080    202.650  9.14915e+02 -2.07720e+03 -1.16229e+03  3.47415e+01
  5090    198.676  8.96974e+02 -2.06648e+03 -1.16951e+03  3.56193e+01
  5100    194.909  8.79968e+02 -2.05649e+03 -1.17653e+03  3.65031e+01
  5110    191.764  8.65768e+02 -2.04896e+03 -1.18319e+03  3.71986e+01
  5120    189.086  8.53679e+02 -2.04308e+03 -1.18940e+03  3.77568e+01
  5130    186.433  8.41701e+02 -2.03675e+03 -1.19505e+03  3.83551e+01
  5140    183.592  8.28873e+02 -2.02892e+03 -1.20005e+03  3.90753e+01
  5150    180.811  8.16315e+02 -2.02059e+03 -1.20428e+03  3.98015e+01
  5160    178.878  8.07591e+02 -2.01526e+03 -1.20767e+03  4.01928e+01
  5170    178.624  8.06445e+02 -2.01664e+03 -1.21019e+03  3.99050e+01
  5180    179.808  8.11787e+02 -2.02364e+03 -1.21185e+03  3.90551e+01
  5190    181.645  8.20082e+02 -2.03278e+03 -1.21270e+03  3.80043e+01
  5200    183.784  8.29739e+02 -2.04253e+03 -1.21279e+03  3.69471e+01
  5210    185.604  8.37957e+02 -2.05016e+03 -1.21220e+03  3.61778e+01
  5220    186.534  8.42155e+02 -2.05314e+03 -1.21099e+03  3.59497e+01
  5230    186.742  8.43093e+02 -2.05228e+03 -1.20919e+03  3.61870e+01
  5240    186.797  8.43341e+02 -2.05017e+03 -1.20683e+03  3.66261e+01
  5250    187.336  8.45778e+02 -2.04968e+03 -1.20390e+03  3.69689e+01
  5260    188.401  8.50586e+02 -2.05100e+03 -1.20042e+03  3.71705e+01
  5270    189.427  8.55214e+02 -2.05162e+03 -1.19641e+03  3.74426e+01
  5280    190.218  8.58788e+02 -2.05071e+03 -1.19192e+03  3.78463e+01
  5290    191.009  8.62360e+02 -2.04935e+03 -1.18699e+03  3.82610e+01
  5300    192.060  8.67105e+02 -2.04874e+03 -1.18163e+03  3.85508e+01
  5310    193.585  8.73987e+02 -2.04988e+03 -1.17589e+03  3.86018e+01
  5320    195.768  8.83844e+02 -2.05365e+03 -1.16981e+03  3.83228e+01
  5330    198.491  8.96140e+02 -2.05959e+03 -1.16345e+03  3.77618e+01
  5340    201.325  9.08933e+02 -2.06587e+03 -1.15693e+03  3.71074e+01
  5350    204.036  9.21171e+02 -2.07154e+03 -1.15037e+03  3.64770e+01
  5360    206.530  9.32432e+02 -2.07634e+03 -1.14391e+03  3.59365e+01
  5370    208.474  9.41207e+02 -2.07887e+03 -1.13767e+03  3.56501e+01
  5380    209.641  9.46476e+02 -2.07824e+03 -1.13177e+03  3.57326e+01
  5390    209.993  9.48066e+02 -2.07436e+03 -1.12629e+03  3.62086e+01
  5400    209.481  9.45755e+02 -2.06703e+03 -1.12127e+03  3.70864e+01
  5410    208.279  9.40326e+02 -2.05704e+03 -1.11672e+03  3.82613e+01
  5420    207.002  9.34565e+02 -2.04713e+03 -1.11256e+03  3.94325e+01
  5430    206.447  9.32059e+02 -2.04081e+03 -1.10875e+03  4.02259e+01
  5440    206.985  9.34485e+02 -2.03973e+03 -1.10524e+03  4.04560e+01
  5450    208.426  9.40994e+02 -2.04303e+03 -1.10204e+03  4.01897e+01
  5460    210.383  9.49826e+02 -2.04902e+03 -1.09920e+03  3.96005e+01
  5470    212.380  9.58845e+02 -2.05566e+03 -1.09682e+03  3.89135e+01
  5480    213.777  9.65151e+02 -2.06015e+03 -1.09500e+03  3.84269e+01
  5490    214.155  9.66857e+02 -2.06069e+03 -1.09383e+03  3.83400e+01
  5500    213.747  9.65015e+02 -2.05834e+03 -1.09333e+03  3.85736e+01
  5510    213.075  9.61979e+02 -2.05546e+03 -1.09348e+03  3.89253e+01
  5520    212.297  9.58470e+02 -2.05272e+03 -1.09425e+03  3.93431e+01
  5530    211.031  9.52753e+02 -2.04835e+03 -1.09560e+03  4.00005e+01
  5540    208.853  9.42919e+02 -2.04037e+03 -1.09745e+03  4.10800e+01
  5550    205.931  9.29726e+02 -2.02940e+03 -1.09967e+03  4.25047e+01
  5560    203.020  9.16583e+02 -2.01871e+03 -1.10213e+03  4.39345e+01
  5570    200.966  9.07312e+02 -2.01200e+03 -1.10469e+03  4.49794e+01
  5580    200.182  9.03771e+02 -2.01104e+03 -1.10727e+03  4.54362e+01
  5590    200.289  9.04254e+02 -2.01411e+03 -1.10986e+03  4.54474e+01
  5600    200.409  9.04797e+02 -2.01725e+03 -1.11245e+03  4.53782e+01
  5610    200.165  9.03694e+02 -2.01874e+03 -1.11505e+03  4.53922e+01
  5620    200.069  9.03261e+02 -2.02090e+03 -1.11764e+03  4.52814e+01
  5630    200.696  9.06095e+02 -2.02634e+03 -1.12024e+03  4.48104e+01
  5640    201.886  9.11464e+02 -2.03434e+03 -1.12288e+03  4.40520e+01
  5650    202.956  9.16298e+02 -2.04190e+03 -1.12561e+03  4.32974e+01
  5660    203.433  9.18452e+02 -2.04692e+03 -1.12847e+03  4.27503e+01
  5670    203.316  9.17920e+02 -2.04940e+03 -1.13148e+03  4.24100e+01
  5680    202.846  9.15798e+02 -2.05043e+03 -1.13463e+03  4.21708e+01
  5690    202.153  9.12669e+02 -2.05056e+03 -1.13789e+03  4.19782e+01
  5700    201.174  9.08253e+02 -2.04949e+03 -1.14123e+03  4.18658e+01
  5710    199.932  9.02642e+02 -2.04724e+03 -1.14460e+03  4.18408e+01
  5720    198.651  8.96861e+02 -2.04479e+03 -1.14792e+03  4.18280e+01
  5730    197.630  8.92252e+02 -2.04342e+03 -1.15117e+03  4.17226e+01
  5740    196.955  8.89202e+02 -2.04349e+03 -1.15429e+03  4.15052e+01
  5750    196.379  8.86603e+02 -2.04386e+03 -1.15725e+03  4.12891e+01
  5760    195.669  8.83396e+02 -2.04344e+03 -1.16004e+03  4.11772e+01
  5770    194.888  8.79872e+02 -2.04249e+03 -1.16262e+03  4.11412e+01
  5780    194.325  8.77327e+02 -2.04228e+03 -1.16495e+03  4.10539e+01
  5790    194.245  8.76967e+02 -2.04399e+03 -1.16703e+03  4.07960e+01
  5800    194.601  8.78577e+02 -2.04742e+03 -1.16885e+03  4.03826e+01
  5810    195.035  8.80535e+02 -2.05096e+03 -1.17043e+03  3.99628e+01
  5820    195.248  8.81496e+02 -2.05328e+03 -1.17178e+03  3.96616e+01
  5830    195.253  8.81518e+02 -2.05443e+03 -1.17292e+03  3.94754e+01
  5840    195.136  8.80992e+02 -2.05483e+03 -1.17384e+03  3.93706e+01
  5850    194.715  8.79092e+02 -2.05362e+03 -1.17453e+03  3.94265e+01
  5860    193.718  8.74590e+02 -2.04957e+03 -1.17498e+03  3.97583e+01
  5870    192.207  8.67765e+02 -2.04291e+03 -1.17514e+03  4.03391e+01
  5880    190.572  8.60384e+02 -2.03534e+03 -1.17496e+03  4.09984e+01
  5890    189.306  8.54670e+02 -2.02903e+03 -1.17437e+03  4.15186e+01
  5900    188.935  8.52996e+02 -2.02631e+03 -1.17331e+03  4.16732e+01
  5910    189.678  8.56348e+02 -2.02814e+03 -1.17179e+03  4.13762e+01
  5920    191.071  8.62638e+02 -2.03244e+03 -1.16980e+03  4.08351e+01
  5930    192.430  8.68775e+02 -2.03618e+03 -1.16741e+03  4.03552e+01
  5940    193.447  8.73365e+02 -2.03802e+03 -1.16466e+03  4.00835e+01
  5950    194.111  8.76364e+02 -2.03797e+03 -1.16160e+03  4.00339e+01
  5960    194.481  8.78033e+02 -2.03630e+03 -1.15827e+03  4.01834e+01
  5970    194.690  8.78976e+02 -2.03366e+03 -1.15468e+03  4.04728e+01
  5980    194.910  8.79968e+02 -2.03082e+03 -1.15085e+03  4.08241e+01
  5990    195.245  8.81481e+02 -2.02826e+03 -1.14678e+03  4.11836e+01
