Step    T(K)    KE(kJ)    PE(kJ)    TotE(kJ)    P(MPa)
     0      0.402  1.82078e+00 -1.63103e+03 -1.62921e+03  1.97280e+02
    10      0.722  3.27007e+00 -1.63246e+03 -1.62919e+03  1.96992e+02
    20      1.571  7.11360e+00 -1.63622e+03 -1.62911e+03  1.96234e+02
    30      2.916  1.32014e+01 -1.64204e+03 -1.62884e+03  1.95043e+02
    40      4.715  2.13437e+01 -1.64956e+03 -1.62822e+03  1.93473e+02
    50      6.929  3.13685e+01 -1.65837e+03 -1.62700e+03  1.91586e+02
    60      9.537  4.31745e+01 -1.66809e+03 -1.62492e+03  1.89443e+02
    70     12.540  5.67698e+01 -1.67831e+03 -1.62154e+03  1.87110e+02
    80     15.968  7.22909e+01 -1.68881e+03 -1.61652e+03  1.84636e+02
    90     19.884  9.00184e+01 -1.69864e+03 -1.60862e+03  1.82114e+02
   100     24.378  1.10366e+02 -1.70780e+03 -1.59744e+03  1.79578e+02
   110     29.582  1.33925e+02 -1.71385e+03 -1.57993e+03  1.77212e+02
   120     35.656  1.61421e+02 -1.72191e+03 -1.56049e+03  1.74739e+02
   130     42.790  1.93720e+02 -1.73173e+03 -1.53801e+03  1.72213e+02
   140     51.232  2.31937e+02 -1.74053e+03 -1.50859e+03  1.69853e+02
   150     61.293  2.77488e+02 -1.74834e+03 -1.47085e+03  1.67717e+02
   160     73.359  3.32113e+02 -1.75528e+03 -1.42316e+03  1.65873e+02
   170     87.902  3.97953e+02 -1.76098e+03 -1.36303e+03  1.64438e+02
   180    105.506  4.77649e+02 -1.76529e+03 -1.28764e+03  1.63544e+02
   190    126.883  5.74430e+02 -1.76848e+03 -1.19405e+03  1.63324e+02
   200    152.910  6.92259e+02 -1.76987e+03 -1.07761e+03  1.64011e+02
   210    184.659  8.35993e+02 -1.76919e+03 -9.33201e+02  1.65854e+02
   220    223.432  1.01153e+03 -1.76600e+03 -7.54473e+02  1.69163e+02
   230    270.779  1.22588e+03 -1.75943e+03 -5.33556e+02  1.74328e+02
   240    328.462  1.48702e+03 -1.74876e+03 -2.61735e+02  1.81788e+02
   250    398.331  1.80333e+03 -1.73380e+03  6.95307e+01  1.92003e+02
   260    482.028  2.18225e+03 -1.71267e+03  4.69581e+02  2.05574e+02
   270    580.507  2.62809e+03 -1.68130e+03  9.46784e+02  2.23214e+02
   280    693.959  3.14171e+03 -1.63557e+03  1.50613e+03  2.45454e+02
   290    823.213  3.72687e+03 -1.58140e+03  2.14547e+03  2.71667e+02
   300    969.761  4.39033e+03 -1.53396e+03  2.85637e+03  3.00047e+02
   310   1130.883  5.11976e+03 -1.49986e+03  3.61990e+03  3.29126e+02
   320   1300.024  5.88550e+03 -1.48244e+03  4.40306e+03  3.57109e+02
   330   1466.834  6.64069e+03 -1.48654e+03  5.15415e+03  3.81485e+02
   340   1615.259  7.31264e+03 -1.50740e+03  5.80524e+03  4.00109e+02
   350   1726.550  7.81648e+03 -1.53363e+03  6.28285e+03  4.11255e+02
   360   1784.259  8.07774e+03 -1.55668e+03  6.52106e+03  4.13486e+02
   370   1779.154  8.05463e+03 -1.56980e+03  6.48483e+03  4.06329e+02
   380   1707.337  7.72950e+03 -1.55189e+03  6.17761e+03  3.92254e+02
   390   1573.682  7.12441e+03 -1.47709e+03  5.64732e+03  3.75556e+02
   400   1415.926  6.41022e+03 -1.44502e+03  4.96520e+03  3.50395e+02
   410   1222.355  5.53388e+03 -1.32299e+03  4.21089e+03  3.31659e+02
   420   1025.088  4.64080e+03 -1.17109e+03  3.46971e+03  3.16546e+02
   430    895.142  4.05251e+03 -1.28864e+03  2.76387e+03  2.79076e+02
   440    754.127  3.41410e+03 -1.30270e+03  2.11141e+03  2.52786e+02
   450    624.501  2.82726e+03 -1.28734e+03  1.53991e+03  2.32444e+02
   460    511.702  2.31659e+03 -1.26262e+03  1.05397e+03  2.16115e+02
   470    424.871  1.92349e+03 -1.27396e+03  6.49525e+02  1.99116e+02
   480    377.967  1.71114e+03 -1.41071e+03  3.00435e+02  1.72339e+02
   490    337.259  1.52685e+03 -1.53790e+03 -1.10491e+01  1.47524e+02
   500    289.699  1.31153e+03 -1.59350e+03 -2.81967e+02  1.30975e+02
   510    244.485  1.10684e+03 -1.61532e+03 -5.08480e+02  1.19464e+02
   520    209.990  9.50673e+02 -1.64768e+03 -6.97008e+02  1.08571e+02
   530    184.318  8.34448e+02 -1.69123e+03 -8.56780e+02  9.77288e+01
   540    163.408  7.39783e+02 -1.73350e+03 -9.93719e+02  8.77916e+01
   550    146.212  6.61937e+02 -1.77282e+03 -1.11089e+03  7.87496e+01
   560    131.876  5.97033e+02 -1.80946e+03 -1.21243e+03  7.05003e+01
   570    119.874  5.42697e+02 -1.84297e+03 -1.30027e+03  6.29930e+01
   580    110.029  4.98126e+02 -1.87527e+03 -1.37714e+03  5.60062e+01
   590    101.919  4.61410e+02 -1.90586e+03 -1.44445e+03  4.95146e+01
   600     95.162  4.30820e+02 -1.93462e+03 -1.50380e+03  4.34908e+01
   610     89.563  4.05471e+02 -1.96173e+03 -1.55626e+03  3.78848e+01
   620     84.932  3.84505e+02 -1.98727e+03 -1.60276e+03  3.26719e+01
   630     81.027  3.66828e+02 -2.01088e+03 -1.64405e+03  2.78751e+01
   640     77.572  3.51187e+02 -2.03169e+03 -1.68050e+03  2.35686e+01
   650     74.315  3.36443e+02 -2.04882e+03 -1.71238e+03  1.98263e+01
   660     71.134  3.22040e+02 -2.06254e+03 -1.74050e+03  1.66313e+01
   670     68.088  3.08249e+02 -2.07303e+03 -1.76478e+03  1.39380e+01
   680     65.382  2.95999e+02 -2.08157e+03 -1.78557e+03  1.16020e+01
   690     63.266  2.86419e+02 -2.08973e+03 -1.80331e+03  9.45145e+00
   700     61.899  2.80231e+02 -2.09843e+03 -1.81820e+03  7.36862e+00
   710     61.276  2.77411e+02 -2.10762e+03 -1.83021e+03  5.32978e+00
   720     61.275  2.77407e+02 -2.11738e+03 -1.83998e+03  3.33404e+00
   730     61.755  2.79578e+02 -2.12674e+03 -1.84716e+03  1.45887e+00
   740     62.609  2.83447e+02 -2.13567e+03 -1.85222e+03 -2.75070e-01
   750     63.789  2.88788e+02 -2.14390e+03 -1.85511e+03 -1.83566e+00
   760     65.301  2.95632e+02 -2.15118e+03 -1.85555e+03 -3.20046e+00
   770     67.209  3.04269e+02 -2.15759e+03 -1.85332e+03 -4.37558e+00
   780     69.616  3.15167e+02 -2.16392e+03 -1.84875e+03 -5.41248e+00
   790     72.629  3.28806e+02 -2.16984e+03 -1.84103e+03 -6.28931e+00
   800     76.317  3.45503e+02 -2.17576e+03 -1.83026e+03 -7.01494e+00
   810     80.686  3.65284e+02 -2.18141e+03 -1.81613e+03 -7.53675e+00
   820     85.673  3.87861e+02 -2.18603e+03 -1.79817e+03 -7.75324e+00
   830     91.174  4.12764e+02 -2.18871e+03 -1.77594e+03 -7.54271e+00
   840     97.089  4.39545e+02 -2.18843e+03 -1.74889e+03 -6.77637e+00
   850    103.371  4.67983e+02 -2.18471e+03 -1.71673e+03 -5.36743e+00
   860    110.047  4.98206e+02 -2.17697e+03 -1.67876e+03 -3.24167e+00
   870    117.242  5.30782e+02 -2.16525e+03 -1.63447e+03 -3.80598e-01
   880    125.201  5.66814e+02 -2.15067e+03 -1.58386e+03  3.15115e+00
   890    134.324  6.08115e+02 -2.13357e+03 -1.52546e+03  7.31740e+00
   900    145.213  6.57414e+02 -2.11577e+03 -1.45835e+03  1.19833e+01
   910    158.649  7.18239e+02 -2.09931e+03 -1.38107e+03  1.70105e+01
   920    175.375  7.93962e+02 -2.08552e+03 -1.29156e+03  2.23658e+01
   930    195.664  8.85815e+02 -2.07309e+03 -1.18728e+03  2.82947e+01
   940    219.145  9.92117e+02 -2.05793e+03 -1.06581e+03  3.53226e+01
   950    245.362  1.11081e+03 -2.03606e+03 -9.25253e+02  4.39570e+01
   960    274.823  1.24419e+03 -2.00744e+03 -7.63250e+02  5.43131e+01
   970    309.320  1.40036e+03 -1.97778e+03 -5.77424e+02  6.60187e+01
   980    349.231  1.58105e+03 -1.94532e+03 -3.64271e+02  7.94026e+01
   990    393.008  1.77924e+03 -1.90108e+03 -1.21842e+02  9.54426e+01
  1000    438.826  1.98666e+03 -1.83632e+03  1.50342e+02  1.14997e+02
  1010    485.219  2.19670e+03 -1.74551e+03  4.51185e+02  1.38468e+02
  1020    532.968  2.41286e+03 -1.63588e+03  7.76984e+02  1.64994e+02
  1030    585.452  2.65047e+03 -1.52422e+03  1.12625e+03  1.92735e+02
  1040    645.471  2.92219e+03 -1.42435e+03  1.49784e+03  2.20204e+02
  1050    709.798  3.21342e+03 -1.32466e+03  1.88876e+03  2.48194e+02
  1060    776.362  3.51477e+03 -1.22339e+03  2.29138e+03  2.76494e+02
  1070    848.291  3.84040e+03 -1.14417e+03  2.69624e+03  3.02574e+02
  1080    923.237  4.17970e+03 -1.08653e+03  3.09317e+03  3.26092e+02
  1090    987.478  4.47054e+03 -1.00544e+03  3.46510e+03  3.50640e+02
  1100   1030.224  4.66406e+03 -8.72761e+02  3.79130e+03  3.77887e+02
  1110   1065.016  4.82157e+03 -7.66630e+02  4.05494e+03  3.99955e+02
  1120   1090.545  4.93714e+03 -6.92062e+02  4.24508e+03  4.15592e+02
  1130   1113.908  5.04291e+03 -6.89894e+02  4.35302e+03  4.20757e+02
  1140   1124.887  5.09262e+03 -7.20323e+02  4.37229e+03  4.18881e+02
  1150   1112.591  5.03695e+03 -7.36201e+02  4.30075e+03  4.14217e+02
  1160   1086.025  4.91668e+03 -7.74750e+02  4.14193e+03  4.03894e+02
  1170   1033.545  4.67909e+03 -7.72272e+02  3.90682e+03  3.94165e+02
  1180    977.718  4.42635e+03 -8.14619e+02  3.61173e+03  3.78091e+02
  1190    919.438  4.16250e+03 -8.91519e+02  3.27098e+03  3.57142e+02
  1200    845.102  3.82596e+03 -9.24079e+02  2.90189e+03  3.39148e+02
  1210    760.736  3.44402e+03 -9.17177e+02  2.52685e+03  3.24402e+02
  1220    681.618  3.08584e+03 -9.24655e+02  2.16118e+03  3.08416e+02
  1230    614.326  2.78119e+03 -9.69773e+02  1.81142e+03  2.89212e+02
  1240    557.653  2.52462e+03 -1.04388e+03  1.48074e+03  2.67627e+02
  1250    507.879  2.29928e+03 -1.12871e+03  1.17057e+03  2.45505e+02
  1260    463.713  2.09933e+03 -1.21769e+03  8.81641e+02  2.23708e+02
  1270    420.915  1.90558e+03 -1.29020e+03  6.15378e+02  2.04300e+02
  1280    382.246  1.73051e+03 -1.35772e+03  3.72791e+02  1.86371e+02
  1290    348.422  1.57739e+03 -1.42407e+03  1.53319e+02  1.69514e+02
  1300    318.234  1.44072e+03 -1.48654e+03 -4.58206e+01  1.53994e+02
  1310    290.233  1.31395e+03 -1.53897e+03 -2.25017e+02  1.40360e+02
  1320    262.907  1.19024e+03 -1.57435e+03 -3.84105e+02  1.29216e+02
  1330    237.456  1.07502e+03 -1.59906e+03 -5.24041e+02  1.19919e+02
  1340    216.334  9.79393e+02 -1.62602e+03 -6.46631e+02  1.11135e+02
  1350    200.145  9.06103e+02 -1.66093e+03 -7.54830e+02  1.02159e+02
  1360    187.277  8.47846e+02 -1.69919e+03 -8.51342e+02  9.32815e+01
  1370    176.612  7.99563e+02 -1.73699e+03 -9.37426e+02  8.47784e+01
  1380    168.058  7.60838e+02 -1.77524e+03 -1.01440e+03  7.65392e+01
  1390    161.285  7.30173e+02 -1.81393e+03 -1.08376e+03  6.85599e+01
  1400    155.586  7.04374e+02 -1.85056e+03 -1.14618e+03  6.10716e+01
  1410    150.420  6.80985e+02 -1.88352e+03 -1.20254e+03  5.42534e+01
  1420    145.617  6.59240e+02 -1.91183e+03 -1.25259e+03  4.81980e+01
  1430    141.220  6.39334e+02 -1.93618e+03 -1.29685e+03  4.28550e+01
  1440    137.160  6.20954e+02 -1.95731e+03 -1.33636e+03  3.81720e+01
  1450    133.324  6.03590e+02 -1.97392e+03 -1.37033e+03  3.42187e+01
  1460    129.820  5.87724e+02 -1.98723e+03 -1.39950e+03  3.08730e+01
  1470    126.925  5.74619e+02 -1.99841e+03 -1.42379e+03  2.79851e+01
  1480    124.858  5.65261e+02 -2.00898e+03 -1.44371e+03  2.53933e+01
  1490    123.654  5.59810e+02 -2.01929e+03 -1.45948e+03  2.30385e+01
  1500    123.222  5.57852e+02 -2.02931e+03 -1.47146e+03  2.09179e+01
  1510    123.462  5.58940e+02 -2.03857e+03 -1.47962e+03  1.90653e+01
  1520    124.328  5.62862e+02 -2.04664e+03 -1.48378e+03  1.75120e+01
  1530    125.801  5.69530e+02 -2.05366e+03 -1.48413e+03  1.62595e+01
  1540    127.855  5.78827e+02 -2.05967e+03 -1.48085e+03  1.53200e+01
  1550    130.418  5.90433e+02 -2.06365e+03 -1.47321e+03  1.47843e+01
  1560    133.387  6.03872e+02 -2.06542e+03 -1.46155e+03  1.46973e+01
  1570    136.700  6.18871e+02 -2.06423e+03 -1.44536e+03  1.51337e+01
  1580    140.420  6.35715e+02 -2.06049e+03 -1.42478e+03  1.60752e+01
  1590    144.727  6.55214e+02 -2.05455e+03 -1.39934e+03  1.74881e+01
  1600    149.904  6.78647e+02 -2.04767e+03 -1.36902e+03  1.92704e+01
  1610    156.370  7.07924e+02 -2.04026e+03 -1.33234e+03  2.13604e+01
  1620    164.541  7.44916e+02 -2.03516e+03 -1.29025e+03  2.35694e+01
  1630    174.507  7.90030e+02 -2.03115e+03 -1.24112e+03  2.60258e+01
  1640    186.034  8.42216e+02 -2.02641e+03 -1.18420e+03  2.89553e+01
  1650    198.852  9.00248e+02 -2.01882e+03 -1.11857e+03  3.26153e+01
  1660    212.793  9.63363e+02 -2.00709e+03 -1.04372e+03  3.71930e+01
  1670    227.814  1.03137e+03 -1.99048e+03 -9.59119e+02  4.28099e+01
  1680    244.071  1.10496e+03 -1.96895e+03 -8.63989e+02  4.95021e+01
  1690    262.031  1.18627e+03 -1.94329e+03 -7.57019e+02  5.72032e+01
  1700    282.337  1.27820e+03 -1.91645e+03 -6.38253e+02  6.56989e+01
  1710    305.335  1.38232e+03 -1.88807e+03 -5.05747e+02  7.50357e+01
  1720    330.655  1.49695e+03 -1.85605e+03 -3.59102e+02  8.54609e+01
  1730    357.550  1.61871e+03 -1.81619e+03 -1.97484e+02  9.73688e+01
  1740    385.918  1.74714e+03 -1.76856e+03 -2.14251e+01  1.10756e+02
  1750    416.311  1.88474e+03 -1.71572e+03  1.69017e+02  1.25338e+02
  1760    449.469  2.03485e+03 -1.66065e+03  3.74195e+02  1.40745e+02
  1770    486.475  2.20238e+03 -1.60914e+03  5.93248e+02  1.56384e+02
  1780    527.098  2.38629e+03 -1.56074e+03  8.25557e+02  1.72195e+02
  1790    568.644  2.57438e+03 -1.50519e+03  1.06919e+03  1.88944e+02
  1800    609.860  2.76097e+03 -1.44151e+03  1.31946e+03  2.06490e+02
  1810    654.243  2.96191e+03 -1.38837e+03  1.57353e+03  2.22840e+02
  1820    703.795  3.18624e+03 -1.35954e+03  1.82670e+03  2.36578e+02
  1830    754.572  3.41612e+03 -1.34258e+03  2.07353e+03  2.48664e+02
  1840    801.077  3.62665e+03 -1.32148e+03  2.30517e+03  2.60401e+02
  1850    839.463  3.80044e+03 -1.28812e+03  2.51232e+03  2.72310e+02
  1860    866.154  3.92127e+03 -1.23540e+03  2.68588e+03  2.84740e+02
  1870    883.970  4.00193e+03 -1.18431e+03  2.81762e+03  2.95550e+02
  1880    891.504  4.03604e+03 -1.13289e+03  2.90315e+03  3.04698e+02
  1890    884.765  4.00553e+03 -1.06633e+03  2.93920e+03  3.13303e+02
  1900    874.452  3.95884e+03 -1.03222e+03  2.92662e+03  3.16939e+02
  1910    863.174  3.90778e+03 -1.04025e+03  2.86753e+03  3.14825e+02
  1920    833.815  3.77487e+03 -1.00916e+03  2.76571e+03  3.14507e+02
  1930    794.849  3.59846e+03 -9.70437e+02  2.62803e+03  3.13512e+02
  1940    754.067  3.41383e+03 -9.51562e+02  2.46227e+03  3.09477e+02
  1950    713.973  3.23231e+03 -9.56374e+02  2.27594e+03  3.02113e+02
  1960    676.396  3.06220e+03 -9.86795e+02  2.07540e+03  2.91358e+02
  1970    634.220  2.87126e+03 -1.00573e+03  1.86553e+03  2.80752e+02
  1980    594.650  2.69212e+03 -1.03948e+03  1.65264e+03  2.68186e+02
  1990    562.501  2.54657e+03 -1.10706e+03  1.43951e+03  2.52041e+02
  2000    527.873  2.38980e+03 -1.16179e+03  1.22801e+03  2.36704e+02
  2010    495.877  2.24494e+03 -1.22227e+03  1.02267e+03  2.20697e+02
  2020    470.433  2.12975e+03 -1.30656e+03  8.23197e+02  2.02499e+02
  2030    448.680  2.03128e+03 -1.40150e+03  6.29782e+02  1.83407e+02
  2040    423.915  1.91916e+03 -1.47561e+03  4.43550e+02  1.66525e+02
  2050    395.721  1.79152e+03 -1.52366e+03  2.67864e+02  1.52594e+02
  2060    368.888  1.67004e+03 -1.56591e+03  1.04127e+02  1.39942e+02
  2070    344.852  1.56122e+03 -1.60865e+03 -4.74249e+01  1.28029e+02
  2080    321.082  1.45361e+03 -1.64051e+03 -1.86901e+02  1.17920e+02
  2090    295.801  1.33916e+03 -1.65259e+03 -3.13433e+02  1.10433e+02
  2100    272.443  1.23341e+03 -1.65965e+03 -4.26242e+02  1.04147e+02
  2110    255.437  1.15642e+03 -1.68369e+03 -5.27271e+02  9.69136e+01
  2120    241.907  1.09517e+03 -1.71405e+03 -6.18883e+02  8.95434e+01
  2130    230.209  1.04221e+03 -1.74363e+03 -7.01420e+02  8.26149e+01
  2140    220.151  9.96674e+02 -1.77210e+03 -7.75422e+02  7.61344e+01
  2150    211.117  9.55774e+02 -1.79773e+03 -8.41959e+02  7.02617e+01
  2160    202.690  9.17625e+02 -1.81871e+03 -9.01087e+02  6.51494e+01
  2170    194.908  8.82393e+02 -1.83632e+03 -9.53932e+02  6.06922e+01
  2180    188.039  8.51295e+02 -1.85139e+03 -1.00009e+03  5.67706e+01
  2190    182.295  8.25289e+02 -1.86589e+03 -1.04060e+03  5.31966e+01
  2200    177.623  8.04137e+02 -1.87947e+03 -1.07534e+03  4.99657e+01
  2210    173.790  7.86786e+02 -1.89155e+03 -1.10476e+03  4.71271e+01
  2220    170.560  7.72162e+02 -1.90185e+03 -1.12968e+03  4.47207e+01
  2230    167.841  7.59856e+02 -1.90950e+03 -1.14964e+03  4.28055e+01
  2240    165.738  7.50335e+02 -1.91508e+03 -1.16474e+03  4.13234e+01
  2250    164.404  7.44292e+02 -1.91968e+03 -1.17539e+03  4.01737e+01
  2260    163.949  7.42233e+02 -1.92365e+03 -1.18141e+03  3.93066e+01
  2270    164.536  7.44890e+02 -1.92820e+03 -1.18331e+03  3.86142e+01
  2280    166.331  7.53018e+02 -1.93348e+03 -1.18046e+03  3.80622e+01
  2290    169.287  7.66402e+02 -1.93941e+03 -1.17301e+03  3.76698e+01
  2300    173.150  7.83890e+02 -1.94527e+03 -1.16138e+03  3.75305e+01
  2310    177.773  8.04817e+02 -1.94968e+03 -1.14486e+03  3.77649e+01
  2320    183.235  8.29547e+02 -1.95295e+03 -1.12340e+03  3.83633e+01
  2330    189.577  8.58256e+02 -1.95486e+03 -1.09660e+03  3.93614e+01
  2340    196.621  8.90146e+02 -1.95465e+03 -1.06450e+03  4.08603e+01
  2350    204.125  9.24118e+02 -1.95046e+03 -1.02634e+03  4.30421e+01
  2360    211.924  9.59429e+02 -1.94102e+03 -9.81591e+02  4.60367e+01
  2370    219.932  9.95683e+02 -1.92686e+03 -9.31172e+02  4.98401e+01
  2380    228.218  1.03319e+03 -1.90754e+03 -8.74349e+02  5.44643e+01
  2390    237.419  1.07485e+03 -1.88527e+03 -8.10422e+02  5.96730e+01
  2400    248.978  1.12718e+03 -1.86644e+03 -7.39264e+02  6.48856e+01
  2410    263.886  1.19467e+03 -1.85468e+03 -6.60013e+02  6.98078e+01
  2420    281.407  1.27399e+03 -1.84525e+03 -5.71256e+02  7.49295e+01
  2430    300.494  1.36040e+03 -1.83271e+03 -4.72307e+02  8.08221e+01
  2440    320.894  1.45276e+03 -1.81600e+03 -3.63239e+02  8.76673e+01
  2450    342.277  1.54957e+03 -1.79395e+03 -2.44381e+02  9.56288e+01
  2460    363.932  1.64760e+03 -1.76259e+03 -1.14992e+02  1.05032e+02
  2470    385.667  1.74600e+03 -1.72223e+03  2.37664e+01  1.15789e+02
  2480    408.551  1.84960e+03 -1.67852e+03  1.71081e+02  1.27261e+02
  2490    434.907  1.96892e+03 -1.64170e+03  3.27228e+02  1.38375e+02
  2500    466.940  2.11394e+03 -1.62127e+03  4.92673e+02  1.48225e+02
  2510    502.321  2.27412e+03 -1.60735e+03  6.66769e+02  1.57742e+02
  2520    537.939  2.43537e+03 -1.58769e+03  8.47677e+02  1.68057e+02
  2530    572.381  2.59130e+03 -1.55927e+03  1.03203e+03  1.79446e+02
  2540    603.127  2.73049e+03 -1.51475e+03  1.21574e+03  1.92472e+02
  2550    629.132  2.84822e+03 -1.45423e+03  1.39399e+03  2.06889e+02
  2560    654.716  2.96405e+03 -1.40029e+03  1.56375e+03  2.20370e+02
  2570    679.054  3.07423e+03 -1.35321e+03  1.72103e+03  2.32680e+02
  2580    698.604  3.16274e+03 -1.30194e+03  1.86080e+03  2.44579e+02
  2590    716.661  3.24449e+03 -1.26336e+03  1.98112e+03  2.54247e+02
  2600    735.747  3.33089e+03 -1.25279e+03  2.07811e+03  2.60152e+02
  2610    752.169  3.40524e+03 -1.25567e+03  2.14957e+03  2.63567e+02
  2620    758.144  3.43229e+03 -1.23983e+03  2.19246e+03  2.67462e+02
  2630    751.627  3.40278e+03 -1.19818e+03  2.20460e+03  2.72556e+02
  2640    734.944  3.32726e+03 -1.13978e+03  2.18748e+03  2.77996e+02
  2650    712.818  3.22709e+03 -1.08421e+03  2.14288e+03  2.81971e+02
  2660    692.747  3.13622e+03 -1.06180e+03  2.07442e+03  2.81647e+02
  2670    681.015  3.08311e+03 -1.09813e+03  1.98498e+03  2.74697e+02
  2680    668.423  3.02610e+03 -1.15022e+03  1.87588e+03  2.65090e+02
  2690    647.100  2.92957e+03 -1.18029e+03  1.74927e+03  2.56497e+02
  2700    623.020  2.82055e+03 -1.21138e+03  1.60917e+03  2.47096e+02
  2710    597.852  2.70661e+03 -1.24696e+03  1.45965e+03  2.36734e+02
  2720    570.760  2.58396e+03 -1.28044e+03  1.30353e+03  2.26239e+02
  2730    542.468  2.45588e+03 -1.31187e+03  1.14401e+03  2.15806e+02
  2740    513.486  2.32467e+03 -1.34007e+03  9.84598e+02  2.05655e+02
  2750    487.100  2.20521e+03 -1.37844e+03  8.26771e+02  1.94691e+02
  2760    462.019  2.09166e+03 -1.41923e+03  6.72433e+02  1.83674e+02
  2770    434.946  1.96910e+03 -1.44612e+03  5.22983e+02  1.74214e+02
  2780    406.330  1.83955e+03 -1.45774e+03  3.81806e+02  1.66493e+02
  2790    381.290  1.72618e+03 -1.47712e+03  2.49067e+02  1.58454e+02
  2800    360.968  1.63418e+03 -1.50915e+03  1.25033e+02  1.49560e+02
  2810    342.502  1.55058e+03 -1.54149e+03  9.09030e+00  1.40928e+02
  2820    325.500  1.47361e+03 -1.57254e+03 -9.89276e+01  1.32760e+02
  2830    310.599  1.40615e+03 -1.60572e+03 -1.99571e+02  1.24784e+02
  2840    297.332  1.34609e+03 -1.63883e+03 -2.92736e+02  1.17194e+02
  2850    284.776  1.28925e+03 -1.66724e+03 -3.77998e+02  1.10395e+02
  2860    272.826  1.23514e+03 -1.69125e+03 -4.56107e+02  1.04366e+02
  2870    261.786  1.18516e+03 -1.71240e+03 -5.27233e+02  9.89324e+01
  2880    251.727  1.13963e+03 -1.73093e+03 -5.91301e+02  9.40121e+01
  2890    243.164  1.10086e+03 -1.75020e+03 -6.49343e+02  8.92835e+01
  2900    236.580  1.07105e+03 -1.77239e+03 -7.01339e+02  8.45162e+01
  2910    231.197  1.04668e+03 -1.79423e+03 -7.47548e+02  8.00094e+01
  2920    226.135  1.02376e+03 -1.81204e+03 -7.88274e+02  7.61299e+01
  2930    221.051  1.00075e+03 -1.82474e+03 -8.23991e+02  7.30123e+01
  2940    215.807  9.77009e+02 -1.83154e+03 -8.54533e+02  7.07217e+01
  2950    210.918  9.54874e+02 -1.83472e+03 -8.79848e+02  6.90218e+01
  2960    207.201  9.38048e+02 -1.83782e+03 -8.99772e+02  6.75412e+01
  2970    204.941  9.27814e+02 -1.84288e+03 -9.15071e+02  6.60767e+01
  2980    203.729  9.22328e+02 -1.84771e+03 -9.25385e+02  6.47963e+01
  2990    203.138  9.19650e+02 -1.85112e+03 -9.31465e+02  6.38241e+01
  3000    203.335  9.20543e+02 -1.85373e+03 -9.33183e+02  6.30925e+01
  3010    204.967  9.27930e+02 -1.85811e+03 -9.30178e+02  6.23520e+01
  3020    208.416  9.43546e+02 -1.86616e+03 -9.22611e+02  6.14446e+01
  3030    213.300  9.65658e+02 -1.87595e+03 -9.10291e+02  6.05748e+01
  3040    218.803  9.90569e+02 -1.88356e+03 -8.92988e+02  6.01398e+01
  3050    224.438  1.01608e+03 -1.88686e+03 -8.70784e+02  6.03715e+01
  3060    230.356  1.04288e+03 -1.88617e+03 -8.43295e+02  6.12499e+01
  3070    237.015  1.07302e+03 -1.88358e+03 -8.10562e+02  6.25869e+01
  3080    244.928  1.10884e+03 -1.88145e+03 -7.72608e+02  6.41737e+01
  3090    254.411  1.15178e+03 -1.88047e+03 -7.28694e+02  6.59486e+01
  3100    265.135  1.20033e+03 -1.87910e+03 -6.78770e+02  6.80893e+01
  3110    276.365  1.25116e+03 -1.87397e+03 -6.22806e+02  7.09434e+01
  3120    287.725  1.30260e+03 -1.86322e+03 -5.60620e+02  7.47053e+01
  3130    299.397  1.35544e+03 -1.84739e+03 -4.91952e+02  7.93274e+01
  3140    311.602  1.41069e+03 -1.82745e+03 -4.16761e+02  8.47159e+01
  3150    324.271  1.46805e+03 -1.80329e+03 -3.35242e+02  9.08575e+01
  3160    337.844  1.52950e+03 -1.77740e+03 -2.47904e+02  9.74844e+01
  3170    354.095  1.60307e+03 -1.75721e+03 -1.54137e+02  1.03863e+02
  3180    374.711  1.69640e+03 -1.74983e+03 -5.34264e+01  1.09358e+02
  3190    398.928  1.80603e+03 -1.75187e+03  5.41692e+01  1.14383e+02
  3200    423.596  1.91771e+03 -1.74795e+03  1.69761e+02  1.20405e+02
  3210    445.425  2.01654e+03 -1.72620e+03  2.90337e+02  1.28601e+02
  3220    463.107  2.09659e+03 -1.68270e+03  4.13887e+02  1.39250e+02
  3230    477.646  2.16241e+03 -1.62404e+03  5.38366e+02  1.51566e+02
  3240    491.531  2.22527e+03 -1.56254e+03  6.62730e+02  1.64186e+02
  3250    506.290  2.29209e+03 -1.50694e+03  7.85153e+02  1.76140e+02
  3260    520.823  2.35788e+03 -1.45285e+03  9.05031e+02  1.87654e+02
  3270    534.508  2.41984e+03 -1.39871e+03  1.02113e+03  1.98753e+02
  3280    549.200  2.48635e+03 -1.35430e+03  1.13206e+03  2.08466e+02
  3290    567.225  2.56795e+03 -1.33098e+03  1.23697e+03  2.15701e+02
  3300    588.875  2.66597e+03 -1.33171e+03  1.33426e+03  2.20197e+02
  3310    610.277  2.76286e+03 -1.33979e+03  1.42307e+03  2.23473e+02
  3320    626.336  2.83556e+03 -1.33549e+03  1.50008e+03  2.27369e+02
  3330    635.535  2.87721e+03 -1.31498e+03  1.56223e+03  2.32238e+02
  3340    638.194  2.88925e+03 -1.28134e+03  1.60791e+03  2.37679e+02
  3350    637.690  2.88697e+03 -1.25002e+03  1.63694e+03  2.42081e+02
  3360    640.982  2.90187e+03 -1.25355e+03  1.64832e+03  2.42423e+02
  3370    646.532  2.92700e+03 -1.28489e+03  1.64211e+03  2.39358e+02
  3380    646.913  2.92872e+03 -1.31059e+03  1.61813e+03  2.36044e+02
  3390    639.827  2.89664e+03 -1.31950e+03  1.57714e+03  2.33632e+02
  3400    626.704  2.83723e+03 -1.31797e+03  1.51926e+03  2.31637e+02
  3410    609.768  2.76056e+03 -1.31400e+03  1.44655e+03  2.29300e+02
  3420    589.467  2.66865e+03 -1.30715e+03  1.36150e+03  2.26602e+02
  3430    569.028  2.57612e+03 -1.30874e+03  1.26738e+03  2.22471e+02
  3440    551.678  2.49757e+03 -1.33163e+03  1.16594e+03  2.15745e+02
  3450    535.266  2.42327e+03 -1.36533e+03  1.05794e+03  2.07438e+02
  3460    519.776  2.35314e+03 -1.40785e+03  9.45294e+02  1.97886e+02
  3470    505.223  2.28726e+03 -1.45877e+03  8.28488e+02  1.87368e+02
  3480    488.011  2.20934e+03 -1.49988e+03  7.09455e+02  1.77746e+02
  3490    466.739  2.11303e+03 -1.52234e+03  5.90698e+02  1.70026e+02
  3500    441.640  1.99940e+03 -1.52520e+03  4.74204e+02  1.64406e+02
  3510    414.882  1.87826e+03 -1.51601e+03  3.62249e+02  1.60158e+02
  3520    392.377  1.77638e+03 -1.52081e+03  2.55566e+02  1.54827e+02
  3530    375.730  1.70101e+03 -1.54628e+03  1.54730e+02  1.47697e+02
  3540    361.069  1.63464e+03 -1.57564e+03  5.90055e+01  1.40346e+02
  3550    345.496  1.56414e+03 -1.59465e+03 -3.05123e+01  1.34154e+02
  3560    329.758  1.49289e+03 -1.60720e+03 -1.14314e+02  1.28860e+02
  3570    315.922  1.43025e+03 -1.62260e+03 -1.92348e+02  1.23609e+02
  3580    303.942  1.37601e+03 -1.64012e+03 -2.64104e+02  1.18416e+02
  3590    292.413  1.32382e+03 -1.65349e+03 -3.29671e+02  1.13854e+02
  3600    280.735  1.27095e+03 -1.66035e+03 -3.89396e+02  1.10158e+02
  3610    269.684  1.22092e+03 -1.66400e+03 -4.43084e+02  1.06988e+02
  3620    261.407  1.18345e+03 -1.67409e+03 -4.90642e+02  1.03374e+02
  3630    258.455  1.17008e+03 -1.70345e+03 -5.33364e+02  9.80954e+01
  3640    260.121  1.17762e+03 -1.74908e+03 -5.71455e+02  9.14006e+01
  3650    262.507  1.18843e+03 -1.79443e+03 -6.06005e+02  8.49007e+01
  3660    262.810  1.18980e+03 -1.82648e+03 -6.36676e+02  7.98982e+01
  3670    260.728  1.18037e+03 -1.84363e+03 -6.63255e+02  7.66269e+01
  3680    257.097  1.16394e+03 -1.84926e+03 -6.85322e+02  7.48002e+01
  3690    252.691  1.14399e+03 -1.84672e+03 -7.02729e+02  7.40941e+01
  3700    247.988  1.12270e+03 -1.83883e+03 -7.16137e+02  7.42325e+01
  3710    243.299  1.10147e+03 -1.82655e+03 -7.25081e+02  7.50584e+01
  3720    239.379  1.08372e+03 -1.81286e+03 -7.29139e+02  7.62115e+01
  3730    237.677  1.07602e+03 -1.80511e+03 -7.29090e+02  7.69798e+01
  3740    238.582  1.08011e+03 -1.80432e+03 -7.24205e+02  7.72150e+01
  3750    241.105  1.09153e+03 -1.80707e+03 -7.15538e+02  7.72631e+01
  3760    244.591  1.10732e+03 -1.80950e+03 -7.02177e+02  7.74801e+01
  3770    249.151  1.12796e+03 -1.81201e+03 -6.84045e+02  7.78582e+01
  3780    255.035  1.15460e+03 -1.81596e+03 -6.61361e+02  7.83127e+01
  3790    261.978  1.18603e+03 -1.81970e+03 -6.33666e+02  7.90143e+01
  3800    269.302  1.21919e+03 -1.82049e+03 -6.01304e+02  8.02492e+01
  3810    276.389  1.25128e+03 -1.81540e+03 -5.64127e+02  8.22849e+01
  3820    283.254  1.28235e+03 -1.80406e+03 -5.21708e+02  8.51027e+01
  3830    291.323  1.31889e+03 -1.79381e+03 -4.74923e+02  8.80043e+01
  3840    301.858  1.36658e+03 -1.78888e+03 -4.22301e+02  9.05298e+01
  3850    314.172  1.42233e+03 -1.78704e+03 -3.64715e+02  9.29138e+01
  3860    327.587  1.48306e+03 -1.78428e+03 -3.01220e+02  9.55294e+01
  3870    342.200  1.54922e+03 -1.78136e+03 -2.32145e+02  9.83680e+01
  3880    358.208  1.62169e+03 -1.77943e+03 -1.57741e+02  1.01391e+02
  3890    375.431  1.69966e+03 -1.77758e+03 -7.79164e+01  1.04744e+02
  3900    392.565  1.77723e+03 -1.77075e+03  6.47354e+00  1.08954e+02
  3910    407.790  1.84616e+03 -1.75118e+03  9.49737e+01  1.14733e+02
  3920    420.668  1.90446e+03 -1.71843e+03  1.86032e+02  1.22085e+02
  3930    432.478  1.95793e+03 -1.67873e+03  2.79200e+02  1.30318e+02
  3940    445.391  2.01639e+03 -1.64273e+03  3.73658e+02  1.38335e+02
  3950    461.415  2.08893e+03 -1.62013e+03  4.68801e+02  1.45182e+02
  3960    479.835  2.17232e+03 -1.60839e+03  5.63932e+02  1.51089e+02
  3970    497.229  2.25107e+03 -1.59277e+03  6.58296e+02  1.57420e+02
  3980    510.353  2.31048e+03 -1.56038e+03  7.50104e+02  1.65349e+02
  3990    519.050  2.34986e+03 -1.51226e+03  8.37598e+02  1.74706e+02
  4000    524.646  2.37519e+03 -1.45568e+03  9.19512e+02  1.84666e+02
  4010    527.927  2.39004e+03 -1.39584e+03  9.94201e+02  1.94527e+02
  4020    532.713  2.41171e+03 -1.34947e+03  1.06224e+03  2.02495e+02
  4030    545.048  2.46755e+03 -1.34441e+03  1.12314e+03  2.05972e+02
  4040    563.465  2.55093e+03 -1.37457e+03  1.17636e+03  2.05626e+02
  4050    578.325  2.61821e+03 -1.39710e+03  1.22111e+03  2.05470e+02
  4060    585.372  2.65011e+03 -1.39546e+03  1.25465e+03  2.07108e+02
  4070    586.858  2.65684e+03 -1.38015e+03  1.27669e+03  2.09519e+02
  4080    586.022  2.65305e+03 -1.36689e+03  1.28616e+03  2.11177e+02
  4090    585.436  2.65040e+03 -1.36706e+03  1.28334e+03  2.10977e+02
  4100    585.812  2.65210e+03 -1.38436e+03  1.26774e+03  2.08642e+02
  4110    585.474  2.65057e+03 -1.41048e+03  1.24009e+03  2.05060e+02
  4120    579.572  2.62385e+03 -1.42338e+03  1.20047e+03  2.02419e+02
  4130    565.094  2.55831e+03 -1.40794e+03  1.15037e+03  2.02178e+02
  4140    545.234  2.46840e+03 -1.37723e+03  1.09117e+03  2.03129e+02
  4150    526.237  2.38240e+03 -1.35737e+03  1.02502e+03  2.02729e+02
  4160    513.504  2.32475e+03 -1.37111e+03  9.53634e+02  1.98758e+02
  4170    505.395  2.28804e+03 -1.41117e+03  8.76872e+02  1.91880e+02
  4180    496.089  2.24590e+03 -1.44985e+03  7.96050e+02  1.84740e+02
  4190    482.247  2.18324e+03 -1.47169e+03  7.11548e+02  1.78981e+02
  4200    465.455  2.10722e+03 -1.48215e+03  6.25067e+02  1.74253e+02
  4210    448.594  2.03089e+03 -1.49235e+03  5.38535e+02  1.69587e+02
  4220    432.106  1.95624e+03 -1.50343e+03  4.52811e+02  1.64905e+02
  4230    416.181  1.88414e+03 -1.51580e+03  3.68348e+02  1.60246e+02
  4240    400.625  1.81372e+03 -1.52718e+03  2.86541e+02  1.55885e+02
  4250    383.080  1.73429e+03 -1.52616e+03  2.08126e+02  1.52918e+02
  4260    363.002  1.64339e+03 -1.50957e+03  1.33825e+02  1.51620e+02
  4270    344.679  1.56044e+03 -1.49537e+03  6.50716e+01  1.50216e+02
  4280    332.044  1.50324e+03 -1.50177e+03  1.46812e+00  1.46891e+02
  4290    324.922  1.47100e+03 -1.52864e+03 -5.76448e+01  1.41571e+02
  4300    320.782  1.45225e+03 -1.56534e+03 -1.13092e+02  1.35281e+02
  4310    315.982  1.43052e+03 -1.59518e+03 -1.64657e+02  1.29643e+02
  4320    309.197  1.39981e+03 -1.61236e+03 -2.12551e+02  1.25280e+02
  4330    302.233  1.36828e+03 -1.62472e+03 -2.56447e+02  1.21493e+02
  4340    297.296  1.34593e+03 -1.64200e+03 -2.96075e+02  1.17363e+02
  4350    295.150  1.33621e+03 -1.66816e+03 -3.31955e+02  1.12532e+02
  4360    294.856  1.33488e+03 -1.69854e+03 -3.63659e+02  1.07446e+02
  4370    294.466  1.33311e+03 -1.72487e+03 -3.91761e+02  1.02934e+02
  4380    292.762  1.32540e+03 -1.74206e+03 -4.16659e+02  9.95257e+01
  4390    290.146  1.31356e+03 -1.75103e+03 -4.37472e+02  9.71169e+01
  4400    288.060  1.30411e+03 -1.75911e+03 -4.55003e+02  9.50383e+01
  4410    287.696  1.30246e+03 -1.77091e+03 -4.68449e+02  9.28251e+01
  4420    288.692  1.30697e+03 -1.78536e+03 -4.78388e+02  9.05946e+01
  4430    289.342  1.30992e+03 -1.79440e+03 -4.84480e+02  8.90900e+01
  4440    288.777  1.30736e+03 -1.79473e+03 -4.87375e+02  8.86422e+01
  4450    287.830  1.30307e+03 -1.78913e+03 -4.86056e+02  8.89537e+01
  4460    288.218  1.30483e+03 -1.78589e+03 -4.81057e+02  8.92571e+01
  4470    290.690  1.31602e+03 -1.78895e+03 -4.72934e+02  8.91972e+01
  4480    294.203  1.33192e+03 -1.79272e+03 -4.60792e+02  8.92687e+01
  4490    297.669  1.34761e+03 -1.79312e+03 -4.45505e+02  8.98951e+01
  4500    300.782  1.36171e+03 -1.78795e+03 -4.26242e+02  9.12782e+01
  4510    303.546  1.37422e+03 -1.77754e+03 -4.03320e+02  9.33984e+01
  4520    306.385  1.38708e+03 -1.76398e+03 -3.76907e+02  9.60464e+01
  4530    310.428  1.40538e+03 -1.75202e+03 -3.46645e+02  9.87492e+01
  4540    316.480  1.43278e+03 -1.74573e+03 -3.12953e+02  1.01133e+02
  4550    323.617  1.46509e+03 -1.74059e+03 -2.75500e+02  1.03595e+02
  4560    330.461  1.49607e+03 -1.72992e+03 -2.33847e+02  1.06708e+02
  4570    337.843  1.52949e+03 -1.71838e+03 -1.88893e+02  1.10038e+02
  4580    347.169  1.57171e+03 -1.71235e+03 -1.40634e+02  1.12979e+02
  4590    357.634  1.61909e+03 -1.70799e+03 -8.89039e+01  1.15848e+02
  4600    368.674  1.66907e+03 -1.70237e+03 -3.32941e+01  1.18892e+02
  4610    380.679  1.72342e+03 -1.69806e+03  2.53610e+01  1.21909e+02
  4620    393.440  1.78119e+03 -1.69497e+03  8.62261e+01  1.24958e+02
  4630    405.796  1.83713e+03 -1.68732e+03  1.49807e+02  1.28589e+02
  4640    416.011  1.88337e+03 -1.66838e+03  2.14997e+02  1.33463e+02
  4650    422.268  1.91170e+03 -1.63100e+03  2.80703e+02  1.40208e+02
  4660    424.634  1.92241e+03 -1.57635e+03  3.46058e+02  1.48589e+02
  4670    427.504  1.93541e+03 -1.52508e+03  4.10327e+02  1.56566e+02
  4680    435.911  1.97347e+03 -1.49956e+03  4.73905e+02  1.61998e+02
  4690    449.321  2.03418e+03 -1.49629e+03  5.37888e+02  1.65188e+02
  4700    464.047  2.10084e+03 -1.49966e+03  6.01183e+02  1.67659e+02
  4710    478.564  2.16657e+03 -1.50380e+03  6.62769e+02  1.70051e+02
  4720    491.983  2.22732e+03 -1.50507e+03  7.22246e+02  1.72743e+02
  4730    501.483  2.27033e+03 -1.49188e+03  7.78446e+02  1.76778e+02
  4740    505.475  2.28840e+03 -1.45925e+03  8.29151e+02  1.82518e+02
  4750    506.498  2.29303e+03 -1.41880e+03  8.74231e+02  1.88689e+02
  4760    508.148  2.30050e+03 -1.38709e+03  9.13417e+02  1.93571e+02
  4770    517.454  2.34263e+03 -1.39635e+03  9.46284e+02  1.94174e+02
  4780    535.343  2.42362e+03 -1.45069e+03  9.72925e+02  1.90268e+02
  4790    547.990  2.48088e+03 -1.48846e+03  9.92415e+02  1.87644e+02
  4800    550.325  2.49145e+03 -1.48807e+03  1.00338e+03  1.88488e+02
  4810    541.436  2.45120e+03 -1.44671e+03  1.00450e+03  1.93085e+02
  4820    526.702  2.38450e+03 -1.38737e+03  9.97129e+02  1.99125e+02
  4830    517.583  2.34321e+03 -1.36078e+03  9.82434e+02  2.01796e+02
  4840    513.115  2.32299e+03 -1.36175e+03  9.61240e+02  2.01385e+02
  4850    511.732  2.31673e+03 -1.38340e+03  9.33324e+02  1.98584e+02
  4860    509.175  2.30515e+03 -1.40568e+03  8.99469e+02  1.95335e+02
  4870    502.285  2.27396e+03 -1.41438e+03  8.59571e+02  1.93088e+02
  4880    490.245  2.21945e+03 -1.40465e+03  8.14798e+02  1.92310e+02
  4890    476.545  2.15742e+03 -1.39130e+03  7.66125e+02  1.91574e+02
  4900    466.423  2.11160e+03 -1.39696e+03  7.14645e+02  1.88688e+02
  4910    460.789  2.08609e+03 -1.42523e+03  6.60863e+02  1.83295e+02
  4920    455.745  2.06326e+03 -1.45905e+03  6.04206e+02  1.77105e+02
  4930    448.403  2.03002e+03 -1.48451e+03  5.45506e+02  1.71591e+02
  4940    438.442  1.98492e+03 -1.49929e+03  4.85629e+02  1.67134e+02
  4950    426.387  1.93035e+03 -1.50530e+03  4.25048e+02  1.63637e+02
  4960    414.681  1.87735e+03 -1.51241e+03  3.64945e+02  1.60190e+02
  4970    404.315  1.83043e+03 -1.52420e+03  3.06231e+02  1.56425e+02
  4980    394.006  1.78375e+03 -1.53535e+03  2.48401e+02  1.52851e+02
  4990    381.983  1.72932e+03 -1.53651e+03  1.92817e+02  1.50319e+02
  5000    368.062  1.66630e+03 -1.52635e+03  1.39948e+02  1.48950e+02
  5010    355.035  1.60733e+03 -1.51761e+03  8.97109e+01  1.47552e+02
  5020    346.320  1.56787e+03 -1.52474e+03  4.31304e+01  1.44706e+02
  5030    341.572  1.54637e+03 -1.54653e+03 -1.61745e-01  1.40472e+02
  5040    337.805  1.52932e+03 -1.57047e+03 -4.11503e+01  1.36018e+02
  5050    334.901  1.51617e+03 -1.59541e+03 -7.92345e+01  1.31467e+02
  5060    334.515  1.51442e+03 -1.62897e+03 -1.14546e+02  1.26168e+02
  5070    335.175  1.51741e+03 -1.66493e+03 -1.47517e+02  1.20753e+02
  5080    333.678  1.51064e+03 -1.68884e+03 -1.78200e+02  1.16621e+02
  5090    329.457  1.49153e+03 -1.69733e+03 -2.05800e+02  1.14133e+02
  5100    323.747  1.46568e+03 -1.69599e+03 -2.30312e+02  1.12795e+02
  5110    317.796  1.43873e+03 -1.69007e+03 -2.51338e+02  1.12079e+02
  5120    312.420  1.41440e+03 -1.68394e+03 -2.69545e+02  1.11540e+02
  5130    308.392  1.39616e+03 -1.67991e+03 -2.83745e+02  1.10857e+02
  5140    307.322  1.39131e+03 -1.68670e+03 -2.95388e+02  1.09224e+02
  5150    309.629  1.40176e+03 -1.70547e+03 -3.03705e+02  1.06526e+02
  5160    313.397  1.41882e+03 -1.72785e+03 -3.09034e+02  1.03612e+02
  5170    316.294  1.43194e+03 -1.74291e+03 -3.10973e+02  1.01576e+02
  5180    317.275  1.43638e+03 -1.74645e+03 -3.10078e+02  1.00880e+02
  5190    317.241  1.43622e+03 -1.74254e+03 -3.06315e+02  1.01155e+02
  5200    317.908  1.43924e+03 -1.73903e+03 -2.99787e+02  1.01637e+02
  5210    320.504  1.45100e+03 -1.74101e+03 -2.90016e+02  1.01801e+02
  5220    324.748  1.47021e+03 -1.74699e+03 -2.76785e+02  1.01754e+02
  5230    329.095  1.48989e+03 -1.75064e+03 -2.60754e+02  1.02089e+02
  5240    333.422  1.50948e+03 -1.75119e+03 -2.41717e+02  1.02853e+02
  5250    339.585  1.53738e+03 -1.75741e+03 -2.20033e+02  1.03242e+02
  5260    348.001  1.57548e+03 -1.77098e+03 -1.95504e+02  1.03102e+02
  5270    356.431  1.61364e+03 -1.78179e+03 -1.68150e+02  1.03383e+02
  5280    362.600  1.64157e+03 -1.77985e+03 -1.38281e+02  1.05029e+02
  5290    365.692  1.65557e+03 -1.76187e+03 -1.06298e+02  1.08320e+02
  5300    367.407  1.66333e+03 -1.73613e+03 -7.28023e+01  1.12438e+02
  5310    370.477  1.67723e+03 -1.71536e+03 -3.81252e+01  1.16169e+02
  5320    374.190  1.69404e+03 -1.69592e+03 -1.87383e+00  1.19774e+02
  5330    378.176  1.71209e+03 -1.67630e+03  3.57845e+01  1.23372e+02
  5340    384.101  1.73891e+03 -1.66410e+03  7.48136e+01  1.26286e+02
  5350    392.515  1.77701e+03 -1.66152e+03  1.15486e+02  1.28340e+02
  5360    402.209  1.82089e+03 -1.66328e+03  1.57610e+02  1.30070e+02
  5370    411.144  1.86134e+03 -1.66074e+03  2.00596e+02  1.32317e+02
  5380    418.158  1.89309e+03 -1.64900e+03  2.44094e+02  1.35530e+02
  5390    424.042  1.91973e+03 -1.63253e+03  2.87207e+02  1.39287e+02
  5400    429.963  1.94654e+03 -1.61653e+03  3.30010e+02  1.43057e+02
  5410    435.545  1.97181e+03 -1.59991e+03  3.71902e+02  1.46918e+02
  5420    439.188  1.98830e+03 -1.57600e+03  4.12299e+02  1.51453e+02
  5430    439.589  1.99012e+03 -1.53938e+03  4.50736e+02  1.57091e+02
  5440    438.392  1.98470e+03 -1.49718e+03  4.87520e+02  1.63039e+02
  5450    440.205  1.99291e+03 -1.47058e+03  5.22329e+02  1.67243e+02
  5460    448.569  2.03077e+03 -1.47533e+03  5.55445e+02  1.68207e+02
  5470    462.062  2.09186e+03 -1.50490e+03  5.86961e+02  1.66589e+02
  5480    474.564  2.14846e+03 -1.53245e+03  6.16007e+02  1.64977e+02
  5490    480.880  2.17705e+03 -1.53538e+03  6.41667e+02  1.65523e+02
  5500    481.971  2.18199e+03 -1.51855e+03  6.63436e+02  1.67759e+02
  5510    482.223  2.18313e+03 -1.50284e+03  6.80289e+02  1.69694e+02
  5520    486.154  2.20093e+03 -1.50793e+03  6.92995e+02  1.69430e+02
  5530    494.922  2.24063e+03 -1.53977e+03  7.00857e+02  1.66516e+02
  5540    502.056  2.27292e+03 -1.56890e+03  7.04018e+02  1.63782e+02
  5550    501.798  2.27175e+03 -1.57066e+03  7.01090e+02  1.63664e+02
  5560    493.751  2.23532e+03 -1.54291e+03  6.92408e+02  1.66378e+02
  5570    483.159  2.18737e+03 -1.50821e+03  6.79161e+02  1.69756e+02
  5580    474.123  2.14646e+03 -1.48506e+03  6.61407e+02  1.71984e+02
  5590    464.786  2.10419e+03 -1.46374e+03  6.40450e+02  1.73803e+02
  5600    453.601  2.05356e+03 -1.43769e+03  6.15862e+02  1.75779e+02
  5610    442.302  2.00240e+03 -1.41293e+03  5.89473e+02  1.77254e+02
  5620    435.082  1.96972e+03 -1.40801e+03  5.61703e+02  1.76464e+02
  5630    434.021  1.96491e+03 -1.43241e+03  5.32502e+02  1.72541e+02
  5640    436.343  1.97542e+03 -1.47326e+03  5.02167e+02  1.66735e+02
  5650    438.472  1.98506e+03 -1.51535e+03  4.69711e+02  1.60648e+02
  5660    437.121  1.97895e+03 -1.54429e+03  4.34652e+02  1.55817e+02
  5670    430.530  1.94911e+03 -1.55090e+03  3.98210e+02  1.53208e+02
  5680    419.348  1.89848e+03 -1.53717e+03  3.61310e+02  1.52695e+02
  5690    405.889  1.83755e+03 -1.51284e+03  3.24706e+02  1.53351e+02
  5700    395.061  1.78853e+03 -1.49989e+03  2.88635e+02  1.53103e+02
  5710    387.350  1.75362e+03 -1.50013e+03  2.53491e+02  1.51673e+02
  5720    380.640  1.72324e+03 -1.50312e+03  2.20121e+02  1.49928e+02
  5730    375.423  1.69962e+03 -1.51132e+03  1.88300e+02  1.47658e+02
  5740    372.144  1.68478e+03 -1.52782e+03  1.56959e+02  1.44634e+02
  5750    369.829  1.67430e+03 -1.54680e+03  1.27504e+02  1.41390e+02
  5760    367.128  1.66207e+03 -1.56300e+03  9.90735e+01  1.38491e+02
  5770    363.206  1.64431e+03 -1.57141e+03  7.28995e+01  1.36395e+02
  5780    358.965  1.62512e+03 -1.57654e+03  4.85742e+01  1.34700e+02
  5790    356.230  1.61274e+03 -1.58692e+03  2.58182e+01  1.32611e+02
  5800    355.405  1.60900e+03 -1.60394e+03  5.05819e+00  1.29976e+02
  5810    355.079  1.60752e+03 -1.62134e+03 -1.38151e+01  1.27398e+02
  5820    353.091  1.59852e+03 -1.62937e+03 -3.08497e+01  1.25798e+02
  5830    348.780  1.57900e+03 -1.62498e+03 -4.59776e+01  1.25440e+02
  5840    343.977  1.55726e+03 -1.61666e+03 -5.93939e+01  1.25486e+02
  5850    341.703  1.54696e+03 -1.61670e+03 -6.97386e+01  1.24708e+02
  5860    342.395  1.55010e+03 -1.62825e+03 -7.81477e+01  1.22837e+02
  5870    344.486  1.55957e+03 -1.64379e+03 -8.42215e+01  1.20585e+02
  5880    346.901  1.57050e+03 -1.65871e+03 -8.82087e+01  1.18455e+02
  5890    349.095  1.58043e+03 -1.67031e+03 -8.98750e+01  1.16751e+02
  5900    350.938  1.58878e+03 -1.67871e+03 -8.99375e+01  1.15520e+02
  5910    353.147  1.59878e+03 -1.68657e+03 -8.77926e+01  1.14537e+02
  5920    355.922  1.61134e+03 -1.69494e+03 -8.36037e+01  1.13738e+02
  5930    357.988  1.62069e+03 -1.69830e+03 -7.76077e+01  1.13669e+02
  5940    358.114  1.62126e+03 -1.69129e+03 -7.00246e+01  1.14839e+02
  5950    356.603  1.61442e+03 -1.67498e+03 -6.05601e+01  1.17111e+02
  5960    354.713  1.60587e+03 -1.65515e+03 -4.92807e+01  1.19889e+02
  5970    354.139  1.60327e+03 -1.63974e+03 -3.64778e+01  1.22368e+02
  5980    356.431  1.61364e+03 -1.63537e+03 -2.17268e+01  1.23889e+02
  5990    360.225  1.63082e+03 -1.63602e+03 -5.20407e+00  1.24983e+02
  6000    363.903  1.64747e+03 -1.63406e+03  1.34081e+01  1.26335e+02
  6010    368.033  1.66617e+03 -1.63279e+03  3.33806e+01  1.27665e+02
  6020    373.386  1.69040e+03 -1.63530e+03  5.51016e+01  1.28692e+02
  6030    378.988  1.71577e+03 -1.63735e+03  7.84185e+01  1.29835e+02
  6040    383.257  1.73509e+03 -1.63207e+03  1.03017e+02  1.31757e+02
  6050    385.592  1.74566e+03 -1.61738e+03  1.28281e+02  1.34671e+02
  6060    386.981  1.75195e+03 -1.59756e+03  1.54389e+02  1.38145e+02
  6070    388.914  1.76070e+03 -1.57950e+03  1.81206e+02  1.41506e+02
  6080    392.335  1.77619e+03 -1.56758e+03  2.08605e+02  1.44310e+02
  6090    398.330  1.80333e+03 -1.56637e+03  2.36956e+02  1.46139e+02
  6100    405.216  1.83450e+03 -1.56859e+03  2.65913e+02  1.47682e+02
  6110    410.897  1.86022e+03 -1.56495e+03  2.95273e+02  1.49806e+02
  6120    414.410  1.87613e+03 -1.55174e+03  3.24383e+02  1.52855e+02
  6130    415.787  1.88236e+03 -1.52965e+03  3.52714e+02  1.56710e+02
  6140    417.583  1.89049e+03 -1.51021e+03  3.80280e+02  1.60237e+02
  6150    420.572  1.90402e+03 -1.49656e+03  4.07466e+02  1.63062e+02
  6160    424.284  1.92083e+03 -1.48658e+03  4.34245e+02  1.65320e+02
  6170    429.643  1.94509e+03 -1.48540e+03  4.59694e+02  1.66565e+02
  6180    436.568  1.97644e+03 -1.49215e+03  4.84295e+02  1.66852e+02
  6190    445.638  2.01751e+03 -1.50996e+03  5.07543e+02  1.65929e+02
  6200    456.210  2.06537e+03 -1.53658e+03  5.28785e+02  1.64066e+02
  6210    465.302  2.10653e+03 -1.55912e+03  5.47400e+02  1.62519e+02
  6220    471.357  2.13394e+03 -1.57108e+03  5.62862e+02  1.61975e+02
  6230    474.853  2.14977e+03 -1.57498e+03  5.74785e+02  1.62278e+02
  6240    474.858  2.14979e+03 -1.56713e+03  5.82660e+02  1.63813e+02
  6250    468.958  2.12308e+03 -1.53611e+03  5.86968e+02  1.67575e+02
  6260    458.330  2.07496e+03 -1.48785e+03  5.87112e+02  1.72952e+02
  6270    447.764  2.02713e+03 -1.44226e+03  5.84869e+02  1.77936e+02
  6280    441.004  1.99652e+03 -1.41628e+03  5.80246e+02  1.80841e+02
  6290    439.049  1.98767e+03 -1.41400e+03  5.73677e+02  1.81212e+02
  6300    440.042  1.99217e+03 -1.42732e+03  5.64853e+02  1.79803e+02
  6310    442.154  2.00173e+03 -1.44761e+03  5.54127e+02  1.77442e+02
  6320    446.330  2.02063e+03 -1.47910e+03  5.41536e+02  1.73861e+02
  6330    448.723  2.03147e+03 -1.50549e+03  5.25976e+02  1.70679e+02
  6340    446.545  2.02161e+03 -1.51345e+03  5.08157e+02  1.69178e+02
  6350    441.465  1.99861e+03 -1.51031e+03  4.88303e+02  1.68713e+02
  6360    435.694  1.97248e+03 -1.50555e+03  4.66931e+02  1.68389e+02
  6370    429.027  1.94230e+03 -1.49879e+03  4.43509e+02  1.68245e+02
  6380    420.479  1.90360e+03 -1.48411e+03  4.19496e+02  1.68775e+02
  6390    412.036  1.86538e+03 -1.47084e+03  3.94540e+02  1.69122e+02
  6400    406.871  1.84200e+03 -1.47231e+03  3.69684e+02  1.68030e+02
  6410    403.041  1.82466e+03 -1.47958e+03  3.45075e+02  1.66312e+02
  6420    395.145  1.78891e+03 -1.46848e+03  3.20427e+02  1.66171e+02
  6430    384.862  1.74236e+03 -1.44567e+03  2.96687e+02  1.66924e+02
  6440    379.687  1.71893e+03 -1.44528e+03  2.73654e+02  1.65378e+02
  6450    383.182  1.73475e+03 -1.48322e+03  2.51534e+02  1.60060e+02
  6460    389.966  1.76546e+03 -1.53553e+03  2.29929e+02  1.53279e+02
  6470    394.492  1.78595e+03 -1.57759e+03  2.08365e+02  1.47501e+02
  6480    395.514  1.79058e+03 -1.60278e+03  1.87805e+02  1.43478e+02
  6490    392.617  1.77747e+03 -1.61066e+03  1.66809e+02  1.41366e+02
  6500    387.046  1.75224e+03 -1.60568e+03  1.46561e+02  1.40713e+02
  6510    381.346  1.72644e+03 -1.59943e+03  1.27008e+02  1.40404e+02
  6520    376.856  1.70611e+03 -1.59703e+03  1.09079e+02  1.39863e+02
  6530    372.961  1.68848e+03 -1.59646e+03  9.20175e+01  1.39229e+02
  6540    368.628  1.66886e+03 -1.59281e+03  7.60585e+01  1.38873e+02
  6550    364.662  1.65091e+03 -1.58888e+03  6.20223e+01  1.38435e+02
  6560    363.016  1.64345e+03 -1.59432e+03  4.91367e+01  1.36983e+02
  6570    364.690  1.65103e+03 -1.61288e+03  3.81527e+01  1.34123e+02
  6580    368.840  1.66982e+03 -1.64171e+03  2.81060e+01  1.30192e+02
  6590    373.793  1.69224e+03 -1.67301e+03  1.92333e+01  1.26019e+02
  6600    377.088  1.70716e+03 -1.69544e+03  1.17235e+01  1.22758e+02
  6610    377.636  1.70964e+03 -1.70468e+03  4.96341e+00  1.20906e+02
  6620    376.215  1.70321e+03 -1.70358e+03 -3.66522e-01  1.20201e+02
  6630    374.480  1.69536e+03 -1.70031e+03 -4.95059e+00  1.19901e+02
  6640    372.813  1.68781e+03 -1.69625e+03 -8.44560e+00  1.19836e+02
  6650    370.609  1.67783e+03 -1.68822e+03 -1.03933e+01  1.20252e+02
  6660    369.088  1.67094e+03 -1.68175e+03 -1.08052e+01  1.20623e+02
  6670    369.776  1.67406e+03 -1.68461e+03 -1.05473e+01  1.20259e+02
  6680    371.716  1.68284e+03 -1.69202e+03 -9.17497e+00  1.19593e+02
  6690    372.506  1.68642e+03 -1.69268e+03 -6.25591e+00  1.19651e+02
  6700    371.981  1.68404e+03 -1.68626e+03 -2.21329e+00  1.20458e+02
  6710    371.693  1.68274e+03 -1.67982e+03  2.91498e+00  1.21312e+02
  6720    372.915  1.68827e+03 -1.67870e+03  9.57074e+00  1.21642e+02
  6730    376.227  1.70326e+03 -1.68597e+03  1.72981e+01  1.21162e+02
  6740    380.969  1.72473e+03 -1.69853e+03  2.61988e+01  1.20200e+02
  6750    385.978  1.74741e+03 -1.71146e+03  3.59532e+01  1.19328e+02
  6760    389.613  1.76387e+03 -1.71733e+03  4.65348e+01  1.19341e+02
  6770    389.834  1.76487e+03 -1.70716e+03  5.77038e+01  1.21126e+02
  6780    386.132  1.74811e+03 -1.67880e+03  6.93048e+01  1.24848e+02
  6790    380.471  1.72248e+03 -1.64125e+03  8.12309e+01  1.29554e+02
  6800    377.076  1.70711e+03 -1.61331e+03  9.38023e+01  1.33368e+02
  6810    378.063  1.71158e+03 -1.60405e+03  1.07525e+02  1.35328e+02
  6820    382.912  1.73353e+03 -1.61155e+03  1.21979e+02  1.35602e+02
  6830    389.901  1.76517e+03 -1.62801e+03  1.37159e+02  1.34973e+02
  6840    396.386  1.79453e+03 -1.64108e+03  1.53452e+02  1.34657e+02
  6850    400.823  1.81462e+03 -1.64417e+03  1.70446e+02  1.35341e+02
  6860    403.326  1.82595e+03 -1.63886e+03  1.87090e+02  1.36931e+02
  6870    405.080  1.83389e+03 -1.63012e+03  2.03765e+02  1.38933e+02
  6880    406.947  1.84234e+03 -1.62145e+03  2.20893e+02  1.40973e+02
  6890    408.108  1.84760e+03 -1.61047e+03  2.37123e+02  1.43257e+02
  6900    407.270  1.84380e+03 -1.59039e+03  2.53419e+02  1.46317e+02
  6910    404.842  1.83281e+03 -1.56357e+03  2.69239e+02  1.49876e+02
  6920    402.907  1.82405e+03 -1.53911e+03  2.84942e+02  1.53022e+02
  6930    404.082  1.82937e+03 -1.52906e+03  3.00311e+02  1.54619e+02
  6940    409.622  1.85445e+03 -1.53876e+03  3.15690e+02  1.54185e+02
  6950    417.915  1.89199e+03 -1.56133e+03  3.30667e+02  1.52434e+02
  6960    425.897  1.92813e+03 -1.58292e+03  3.45212e+02  1.50744e+02
  6970    430.452  1.94875e+03 -1.59029e+03  3.58463e+02  1.50431e+02
  6980    431.611  1.95400e+03 -1.58322e+03  3.70777e+02  1.51521e+02
  6990    432.304  1.95714e+03 -1.57613e+03  3.81010e+02  1.52709e+02
  7000    432.157  1.95647e+03 -1.56627e+03  3.90196e+02  1.54134e+02
  7010    430.280  1.94798e+03 -1.55016e+03  3.97821e+02  1.56040e+02
  7020    427.784  1.93668e+03 -1.53314e+03  4.03535e+02  1.57857e+02
  7030    426.900  1.93267e+03 -1.52454e+03  4.08134e+02  1.58636e+02
  7040    430.317  1.94814e+03 -1.53653e+03  4.11611e+02  1.57273e+02
  7050    437.334  1.97991e+03 -1.56675e+03  4.13163e+02  1.54113e+02
  7060    441.841  2.00031e+03 -1.58661e+03  4.13703e+02  1.51870e+02
  7070    439.921  1.99162e+03 -1.57958e+03  4.12042e+02  1.52184e+02
  7080    434.112  1.96532e+03 -1.55705e+03  4.08270e+02  1.54014e+02
  7090    430.368  1.94837e+03 -1.54608e+03  4.02289e+02  1.54841e+02
  7100    430.687  1.94982e+03 -1.55427e+03  3.95548e+02  1.53896e+02
  7110    430.782  1.95025e+03 -1.56265e+03  3.87601e+02  1.52936e+02
  7120    426.906  1.93270e+03 -1.55445e+03  3.78248e+02  1.53538e+02
  7130    420.565  1.90399e+03 -1.53632e+03  3.67674e+02  1.55099e+02
  7140    414.101  1.87473e+03 -1.51892e+03  3.55804e+02  1.56591e+02
  7150    408.475  1.84926e+03 -1.50574e+03  3.43518e+02  1.57588e+02
  7160    406.357  1.83967e+03 -1.50894e+03  3.30729e+02  1.56959e+02
  7170    407.046  1.84279e+03 -1.52474e+03  3.18044e+02  1.55026e+02
  7180    407.764  1.84604e+03 -1.54087e+03  3.05172e+02  1.52943e+02
  7190    408.201  1.84802e+03 -1.55605e+03  2.91970e+02  1.50868e+02
  7200    409.672  1.85468e+03 -1.57618e+03  2.78499e+02  1.48319e+02
  7210    410.214  1.85713e+03 -1.59349e+03  2.63643e+02  1.46110e+02
  7220    406.093  1.83848e+03 -1.58955e+03  2.48925e+02  1.45920e+02
  7230    398.436  1.80381e+03 -1.56994e+03  2.33873e+02  1.47247e+02
  7240    391.398  1.77195e+03 -1.55244e+03  2.19510e+02  1.48363e+02
  7250    386.400  1.74932e+03 -1.54349e+03  2.05831e+02  1.48583e+02
  7260    383.745  1.73730e+03 -1.54425e+03  1.93052e+02  1.47748e+02
  7270    383.704  1.73712e+03 -1.55637e+03  1.80743e+02  1.45714e+02
  7280    385.600  1.74570e+03 -1.57645e+03  1.69249e+02  1.42810e+02
  7290    389.676  1.76415e+03 -1.60629e+03  1.57856e+02  1.38983e+02
  7300    394.182  1.78455e+03 -1.63720e+03  1.47356e+02  1.35139e+02
  7310    395.135  1.78887e+03 -1.65177e+03  1.37100e+02  1.32992e+02
  7320    392.536  1.77710e+03 -1.65037e+03  1.26726e+02  1.32578e+02
  7330    389.218  1.76208e+03 -1.64505e+03  1.17032e+02  1.32770e+02
  7340    385.532  1.74539e+03 -1.63789e+03  1.07504e+02  1.33351e+02
  7350    380.202  1.72126e+03 -1.62216e+03  9.91016e+01  1.34857e+02
  7360    374.286  1.69448e+03 -1.60298e+03  9.14914e+01  1.36773e+02
  7370    370.000  1.67507e+03 -1.58972e+03  8.53553e+01  1.38143e+02
  7380    368.821  1.66973e+03 -1.58966e+03  8.00789e+01  1.38252e+02
  7390    370.466  1.67718e+03 -1.60068e+03  7.65005e+01  1.37255e+02
  7400    372.429  1.68607e+03 -1.61249e+03  7.35811e+01  1.36138e+02
  7410    373.263  1.68984e+03 -1.61754e+03  7.23028e+01  1.35582e+02
  7420    373.663  1.69166e+03 -1.61956e+03  7.20923e+01  1.35260e+02
  7430    375.101  1.69817e+03 -1.62511e+03  7.30602e+01  1.34573e+02
  7440    376.627  1.70508e+03 -1.63006e+03  7.50181e+01  1.33940e+02
  7450    375.083  1.69808e+03 -1.62004e+03  7.80418e+01  1.34716e+02
  7460    369.148  1.67122e+03 -1.58900e+03  8.22162e+01  1.37428e+02
  7470    365.686  1.65554e+03 -1.56751e+03  8.80302e+01  1.39219e+02
  7480    371.368  1.68127e+03 -1.58653e+03  9.47369e+01  1.37289e+02
  7490    378.397  1.71309e+03 -1.61033e+03  1.02753e+02  1.34856e+02
  7500    384.886  1.74246e+03 -1.63072e+03  1.11741e+02  1.32791e+02
  7510    390.118  1.76615e+03 -1.64423e+03  1.21918e+02  1.31496e+02
  7520    393.013  1.77926e+03 -1.64651e+03  1.32747e+02  1.31426e+02
  7530    393.664  1.78220e+03 -1.63818e+03  1.44023e+02  1.32519e+02
  7540    394.182  1.78455e+03 -1.62892e+03  1.55631e+02  1.33828e+02
  7550    397.186  1.79815e+03 -1.63079e+03  1.67362e+02  1.34191e+02
  7560    402.627  1.82278e+03 -1.64357e+03  1.79210e+02  1.33594e+02
  7570    408.185  1.84794e+03 -1.65646e+03  1.91485e+02  1.33034e+02
  7580    411.253  1.86183e+03 -1.65879e+03  2.03043e+02  1.33548e+02
  7590    411.332  1.86219e+03 -1.64717e+03  2.15018e+02  1.35415e+02
  7600    409.615  1.85442e+03 -1.62812e+03  2.26303e+02  1.38044e+02
  7610    407.143  1.84323e+03 -1.60637e+03  2.36863e+02  1.40950e+02
  7620    405.134  1.83413e+03 -1.58720e+03  2.46931e+02  1.43592e+02
  7630    404.908  1.83311e+03 -1.57613e+03  2.56979e+02  1.45430e+02
  7640    405.823  1.83725e+03 -1.57070e+03  2.66557e+02  1.46700e+02
  7650    405.046  1.83373e+03 -1.55817e+03  2.75569e+02  1.48544e+02
  7660    403.000  1.82447e+03 -1.54025e+03  2.84221e+02  1.50750e+02
  7670    402.908  1.82405e+03 -1.53102e+03  2.93033e+02  1.51956e+02
  7680    406.946  1.84233e+03 -1.54065e+03  3.01684e+02  1.51213e+02
  7690    413.802  1.87337e+03 -1.56316e+03  3.10215e+02  1.49087e+02
  7700    420.274  1.90268e+03 -1.58425e+03  3.18424e+02  1.46939e+02
  7710    424.970  1.92394e+03 -1.59829e+03  3.25643e+02  1.45355e+02
  7720    429.515  1.94451e+03 -1.61236e+03  3.32149e+02  1.43743e+02
  7730    434.563  1.96736e+03 -1.63067e+03  3.36698e+02  1.41840e+02
  7740    436.553  1.97637e+03 -1.63697e+03  3.39400e+02  1.41199e+02
  7750    433.073  1.96062e+03 -1.62011e+03  3.40510e+02  1.42856e+02
  7760    425.664  1.92708e+03 -1.58664e+03  3.40440e+02  1.46122e+02
  7770    419.232  1.89796e+03 -1.55914e+03  3.38816e+02  1.48796e+02
  7780    417.850  1.89170e+03 -1.55492e+03  3.36782e+02  1.49152e+02
  7790    421.534  1.90838e+03 -1.57465e+03  3.33731e+02  1.47161e+02
  7800    425.194  1.92495e+03 -1.59543e+03  3.29515e+02  1.45022e+02
  7810    424.469  1.92167e+03 -1.59728e+03  3.24389e+02  1.44672e+02
  7820    421.001  1.90597e+03 -1.58843e+03  3.17536e+02  1.45452e+02
  7830    418.394  1.89416e+03 -1.58414e+03  3.10030e+02  1.45962e+02
  7840    415.621  1.88161e+03 -1.58028e+03  3.01327e+02  1.46594e+02
  7850    409.479  1.85380e+03 -1.56168e+03  2.92119e+02  1.48712e+02
  7860    399.369  1.80803e+03 -1.52506e+03  2.82974e+02  1.52549e+02
  7870    387.872  1.75598e+03 -1.48173e+03  2.74258e+02  1.56914e+02
  7880    380.882  1.72434e+03 -1.45813e+03  2.66210e+02  1.59195e+02
  7890    383.021  1.73402e+03 -1.47543e+03  2.58588e+02  1.57350e+02
  7900    390.378  1.76733e+03 -1.51529e+03  2.52033e+02  1.53035e+02
  7910    398.083  1.80221e+03 -1.55658e+03  2.45628e+02  1.48376e+02
  7920    402.298  1.82129e+03 -1.58171e+03  2.39587e+02  1.45173e+02
  7930    401.595  1.81811e+03 -1.58451e+03  2.33607e+02  1.44111e+02
  7940    399.273  1.80760e+03 -1.58050e+03  2.27102e+02  1.43812e+02
  7950    398.245  1.80295e+03 -1.58199e+03  2.20958e+02  1.43076e+02
  7960    397.991  1.80180e+03 -1.58744e+03  2.14352e+02  1.42007e+02
  7970    397.647  1.80024e+03 -1.59202e+03  2.08220e+02  1.41001e+02
  7980    396.286  1.79408e+03 -1.59176e+03  2.02318e+02  1.40429e+02
  7990    393.289  1.78051e+03 -1.58396e+03  1.96550e+02  1.40525e+02
  8000    394.578  1.78634e+03 -1.59499e+03  1.91352e+02  1.38934e+02
  8010    398.300  1.80320e+03 -1.61733e+03  1.85869e+02  1.36410e+02
  8020    398.530  1.80424e+03 -1.62314e+03  1.81091e+02  1.35508e+02
  8030    396.179  1.79359e+03 -1.61729e+03  1.76298e+02  1.35847e+02
  8040    392.978  1.77910e+03 -1.60745e+03  1.71650e+02  1.36663e+02
  8050    390.843  1.76943e+03 -1.60224e+03  1.67198e+02  1.37072e+02
  8060    390.979  1.77005e+03 -1.60634e+03  1.63705e+02  1.36548e+02
  8070    392.744  1.77804e+03 -1.61799e+03  1.60049e+02  1.35259e+02
  8080    394.854  1.78760e+03 -1.63032e+03  1.57275e+02  1.33839e+02
  8090    395.963  1.79261e+03 -1.63814e+03  1.54475e+02  1.32863e+02
  8100    394.666  1.78674e+03 -1.63506e+03  1.51681e+02  1.32965e+02
  8110    390.499  1.76788e+03 -1.61871e+03  1.49162e+02  1.34343e+02
  8120    386.069  1.74782e+03 -1.60100e+03  1.46826e+02  1.35870e+02
  8130    384.026  1.73857e+03 -1.59322e+03  1.45347e+02  1.36472e+02
  8140    383.051  1.73416e+03 -1.58944e+03  1.44716e+02  1.36701e+02
  8150    380.702  1.72352e+03 -1.57903e+03  1.44493e+02  1.37551e+02
  8160    378.689  1.71441e+03 -1.56891e+03  1.45504e+02  1.38347e+02
  8170    381.074  1.72521e+03 -1.57793e+03  1.47275e+02  1.37366e+02
  8180    387.539  1.75448e+03 -1.60484e+03  1.49640e+02  1.34760e+02
  8190    394.057  1.78398e+03 -1.63116e+03  1.52820e+02  1.32301e+02
  8200    396.781  1.79632e+03 -1.63985e+03  1.56468e+02  1.31633e+02
  8210    395.636  1.79113e+03 -1.63083e+03  1.60308e+02  1.32762e+02
  8220    393.911  1.78332e+03 -1.61903e+03  1.64296e+02  1.34249e+02
  8230    393.392  1.78097e+03 -1.61222e+03  1.68750e+02  1.35265e+02
  8240    393.966  1.78357e+03 -1.60998e+03  1.73596e+02  1.35772e+02
  8250    395.836  1.79204e+03 -1.61363e+03  1.78407e+02  1.35647e+02
  8260    397.421  1.79921e+03 -1.61590e+03  1.83311e+02  1.35560e+02
  8270    398.300  1.80319e+03 -1.61471e+03  1.88489e+02  1.35720e+02
  8280    399.273  1.80760e+03 -1.61379e+03  1.93807e+02  1.35814e+02
  8290    400.417  1.81278e+03 -1.61373e+03  1.99047e+02  1.35822e+02
  8300    401.332  1.81692e+03 -1.61198e+03  2.04941e+02  1.35985e+02
  8310    401.765  1.81888e+03 -1.60912e+03  2.09759e+02  1.36327e+02
  8320    401.678  1.81849e+03 -1.60341e+03  2.15076e+02  1.36987e+02
  8330    400.245  1.81200e+03 -1.59184e+03  2.20156e+02  1.38263e+02
  8340    399.213  1.80733e+03 -1.58208e+03  2.25246e+02  1.39434e+02
  8350    401.261  1.81660e+03 -1.58636e+03  2.30240e+02  1.39388e+02
  8360    403.871  1.82842e+03 -1.59276e+03  2.35654e+02  1.39183e+02
  8370    405.347  1.83510e+03 -1.59441e+03  2.40686e+02  1.39476e+02
  8380    406.995  1.84256e+03 -1.59722e+03  2.45344e+02  1.39720e+02
  8390    409.879  1.85561e+03 -1.60532e+03  2.50288e+02  1.39505e+02
  8400    411.576  1.86330e+03 -1.60888e+03  2.54419e+02  1.39761e+02
  8410    409.245  1.85275e+03 -1.59446e+03  2.58285e+02  1.41668e+02
  8420    406.481  1.84023e+03 -1.57895e+03  2.61278e+02  1.43670e+02
  8430    407.305  1.84396e+03 -1.57979e+03  2.64170e+02  1.44132e+02
  8440    406.452  1.84010e+03 -1.57287e+03  2.67229e+02  1.45198e+02
  8450    402.279  1.82121e+03 -1.55206e+03  2.69150e+02  1.47437e+02
  8460    400.676  1.81395e+03 -1.54294e+03  2.71012e+02  1.48477e+02
  8470    402.655  1.82291e+03 -1.54940e+03  2.73504e+02  1.47924e+02
  8480    406.147  1.83872e+03 -1.56309e+03  2.75625e+02  1.46610e+02
  8490    410.233  1.85722e+03 -1.57946e+03  2.77757e+02  1.45027e+02
  8500    413.724  1.87302e+03 -1.59387e+03  2.79147e+02  1.43699e+02
  8510    415.717  1.88204e+03 -1.60224e+03  2.79803e+02  1.43065e+02
  8520    415.015  1.87887e+03 -1.59886e+03  2.80009e+02  1.43656e+02
  8530    410.899  1.86023e+03 -1.58102e+03  2.79208e+02  1.45691e+02
  8540    404.947  1.83329e+03 -1.55498e+03  2.78302e+02  1.48467e+02
  8550    400.726  1.81418e+03 -1.53692e+03  2.77254e+02  1.50395e+02
  8560    401.448  1.81745e+03 -1.54160e+03  2.75848e+02  1.50085e+02
  8570    407.102  1.84304e+03 -1.56860e+03  2.74443e+02  1.47638e+02
  8580    412.266  1.86642e+03 -1.59332e+03  2.73095e+02  1.45412e+02
  8590    413.065  1.87004e+03 -1.59888e+03  2.71151e+02  1.45055e+02
  8600    410.789  1.85973e+03 -1.59160e+03  2.68136e+02  1.46004e+02
  8610    408.370  1.84878e+03 -1.58384e+03  2.64943e+02  1.47018e+02
  8620    406.171  1.83883e+03 -1.57774e+03  2.61086e+02  1.47792e+02
  8630    405.908  1.83764e+03 -1.58031e+03  2.57326e+02  1.47604e+02
  8640    408.393  1.84889e+03 -1.59579e+03  2.53093e+02  1.46100e+02
  8650    410.774  1.85967e+03 -1.61094e+03  2.48725e+02  1.44532e+02
  8660    410.856  1.86004e+03 -1.61644e+03  2.43594e+02  1.43839e+02
  8670    409.157  1.85235e+03 -1.61423e+03  2.38116e+02  1.43888e+02
  8680    406.777  1.84157e+03 -1.60942e+03  2.32152e+02  1.44246e+02
  8690    403.117  1.82500e+03 -1.59869e+03  2.26310e+02  1.45205e+02
  8700    398.859  1.80573e+03 -1.58578e+03  2.19946e+02  1.46438e+02
  8710    395.060  1.78852e+03 -1.57480e+03  2.13728e+02  1.47499e+02
  8720    392.462  1.77676e+03 -1.56888e+03  2.07880e+02  1.48000e+02
  8730    392.900  1.77875e+03 -1.57643e+03  2.02317e+02  1.47109e+02
  8740    394.873  1.78768e+03 -1.59036e+03  1.97319e+02  1.45444e+02
  8750    395.962  1.79261e+03 -1.60035e+03  1.92255e+02  1.44015e+02
  8760    395.948  1.79255e+03 -1.60482e+03  1.87729e+02  1.43033e+02
  8770    395.230  1.78929e+03 -1.60573e+03  1.83568e+02  1.42376e+02
  8780    394.155  1.78443e+03 -1.60506e+03  1.79363e+02  1.41906e+02
  8790    392.405  1.77650e+03 -1.60127e+03  1.75233e+02  1.41761e+02
  8800    390.119  1.76615e+03 -1.59443e+03  1.71723e+02  1.41904e+02
  8810    388.820  1.76028e+03 -1.59196e+03  1.68317e+02  1.41662e+02
  8820    389.682  1.76418e+03 -1.59839e+03  1.65785e+02  1.40623e+02
  8830    390.984  1.77007e+03 -1.60639e+03  1.63687e+02  1.39519e+02
  8840    389.603  1.76382e+03 -1.60172e+03  1.62104e+02  1.39683e+02
  8850    385.522  1.74535e+03 -1.58450e+03  1.60845e+02  1.41107e+02
  8860    381.792  1.72846e+03 -1.56794e+03  1.60521e+02  1.42513e+02
  8870    381.196  1.72576e+03 -1.56498e+03  1.60782e+02  1.42660e+02
  8880    383.741  1.73728e+03 -1.57593e+03  1.61350e+02  1.41512e+02
  8890    386.688  1.75062e+03 -1.58775e+03  1.62875e+02  1.40274e+02
  8900    388.361  1.75820e+03 -1.59305e+03  1.65145e+02  1.39676e+02
  8910    389.614  1.76387e+03 -1.59570e+03  1.68170e+02  1.39402e+02
  8920    390.799  1.76924e+03 -1.59788e+03  1.71352e+02  1.39271e+02
  8930    390.921  1.76979e+03 -1.59445e+03  1.75336e+02  1.39706e+02
  8940    390.881  1.76961e+03 -1.58981e+03  1.79800e+02  1.40290e+02
  8950    391.761  1.77359e+03 -1.58930e+03  1.84294e+02  1.40551e+02
  8960    392.545  1.77714e+03 -1.58784e+03  1.89302e+02  1.40959e+02
  8970    391.769  1.77363e+03 -1.57870e+03  1.94927e+02  1.42149e+02
  8980    388.869  1.76050e+03 -1.55950e+03  2.00998e+02  1.44323e+02
  8990    385.271  1.74421e+03 -1.53662e+03  2.07590e+02  1.46812e+02
  9000    383.839  1.73773e+03 -1.52309e+03  2.14640e+02  1.48321e+02
  9010    386.169  1.74827e+03 -1.52642e+03  2.21856e+02  1.48091e+02
  9020    391.620  1.77295e+03 -1.54287e+03  2.30083e+02  1.46428e+02
  9030    398.615  1.80462e+03 -1.56549e+03  2.39136e+02  1.44027e+02
  9040    406.559  1.84059e+03 -1.59274e+03  2.47847e+02  1.41157e+02
  9050    414.502  1.87654e+03 -1.61984e+03  2.56705e+02  1.38341e+02
  9060    420.383  1.90317e+03 -1.63827e+03  2.64900e+02  1.36453e+02
  9070    423.651  1.91796e+03 -1.64540e+03  2.72566e+02  1.35768e+02
  9080    425.497  1.92632e+03 -1.64759e+03  2.78737e+02  1.35739e+02
  9090    426.641  1.93150e+03 -1.64748e+03  2.84018e+02  1.36093e+02
  9100    426.458  1.93067e+03 -1.64271e+03  2.87960e+02  1.37052e+02
  9110    424.042  1.91973e+03 -1.62917e+03  2.90566e+02  1.38985e+02
  9120    419.072  1.89723e+03 -1.60493e+03  2.92309e+02  1.42042e+02
  9130    411.681  1.86377e+03 -1.57047e+03  2.93299e+02  1.46122e+02
  9140    402.925  1.82413e+03 -1.53066e+03  2.93467e+02  1.50660e+02
  9150    396.597  1.79548e+03 -1.50200e+03  2.93486e+02  1.53995e+02
  9160    395.836  1.79204e+03 -1.49887e+03  2.93171e+02  1.54743e+02
  9170    398.427  1.80377e+03 -1.51022e+03  2.93548e+02  1.53896e+02
  9180    401.209  1.81636e+03 -1.52238e+03  2.93981e+02  1.52805e+02
  9190    402.870  1.82388e+03 -1.52961e+03  2.94267e+02  1.52063e+02
  9200    403.893  1.82851e+03 -1.53401e+03  2.94507e+02  1.51502e+02
  9210    405.830  1.83728e+03 -1.54273e+03  2.94555e+02  1.50494e+02
  9220    408.151  1.84779e+03 -1.55321e+03  2.94584e+02  1.49295e+02
  9230    409.193  1.85251e+03 -1.55822e+03  2.94292e+02  1.48587e+02
  9240    410.884  1.86016e+03 -1.56666e+03  2.93507e+02  1.47572e+02
  9250    415.181  1.87962e+03 -1.58724e+03  2.92375e+02  1.45456e+02
  9260    418.732  1.89570e+03 -1.60548e+03  2.90211e+02  1.43591e+02
  9270    418.489  1.89459e+03 -1.60717e+03  2.87425e+02  1.43277e+02
  9280    416.238  1.88440e+03 -1.60037e+03  2.84036e+02  1.43791e+02
  9290    413.686  1.87285e+03 -1.59335e+03  2.79497e+02  1.44378e+02
  9300    410.935  1.86039e+03 -1.58629e+03  2.74106e+02  1.45005e+02
  9310    408.340  1.84865e+03 -1.58031e+03  2.68338e+02  1.45569e+02
  9320    405.815  1.83722e+03 -1.57479e+03  2.62429e+02  1.46135e+02
  9330    402.067  1.82025e+03 -1.56417e+03  2.56083e+02  1.47200e+02
  9340    397.327  1.79879e+03 -1.54869e+03  2.50101e+02  1.48660e+02
  9350    394.686  1.78683e+03 -1.54252e+03  2.44307e+02  1.49154e+02
  9360    396.517  1.79512e+03 -1.55628e+03  2.38839e+02  1.47680e+02
  9370    399.917  1.81051e+03 -1.57720e+03  2.33313e+02  1.45433e+02
  9380    401.426  1.81735e+03 -1.58943e+03  2.27915e+02  1.43910e+02
  9390    402.149  1.82062e+03 -1.59904e+03  2.21577e+02  1.42655e+02
  9400    403.322  1.82593e+03 -1.61004e+03  2.15889e+02  1.41280e+02
  9410    403.212  1.82543e+03 -1.61499e+03  2.10439e+02  1.40457e+02
  9420    403.216  1.82545e+03 -1.62081e+03  2.04634e+02  1.39587e+02
  9430    403.148  1.82514e+03 -1.62703e+03  1.98108e+02  1.38730e+02
  9440    401.152  1.81611e+03 -1.62405e+03  1.92054e+02  1.38716e+02
  9450    399.043  1.80656e+03 -1.62064e+03  1.85918e+02  1.38761e+02
  9460    398.482  1.80402e+03 -1.62442e+03  1.79604e+02  1.38164e+02
  9470    398.237  1.80291e+03 -1.62973e+03  1.73175e+02  1.37441e+02
  9480    396.513  1.79510e+03 -1.62770e+03  1.67408e+02  1.37399e+02
  9490    393.190  1.78006e+03 -1.61832e+03  1.61740e+02  1.38054e+02
  9500    389.621  1.76390e+03 -1.60732e+03  1.56586e+02  1.38847e+02
  9510    387.723  1.75531e+03 -1.60380e+03  1.51513e+02  1.38942e+02
  9520    388.386  1.75831e+03 -1.61125e+03  1.47064e+02  1.38011e+02
  9530    389.797  1.76470e+03 -1.62163e+03  1.43063e+02  1.36829e+02
  9540    388.854  1.76043e+03 -1.62047e+03  1.39962e+02  1.36723e+02
  9550    385.450  1.74502e+03 -1.60769e+03  1.37327e+02  1.37693e+02
  9560    383.163  1.73467e+03 -1.59935e+03  1.35312e+02  1.38221e+02
  9570    383.811  1.73760e+03 -1.60360e+03  1.34004e+02  1.37522e+02
  9580    385.901  1.74706e+03 -1.61357e+03  1.33489e+02  1.36233e+02
  9590    388.109  1.75706e+03 -1.62387e+03  1.33185e+02  1.34929e+02
  9600    389.647  1.76402e+03 -1.62981e+03  1.34203e+02  1.34076e+02
  9610    389.737  1.76443e+03 -1.62929e+03  1.35138e+02  1.33957e+02
  9620    387.816  1.75573e+03 -1.61862e+03  1.37112e+02  1.34877e+02
  9630    384.955  1.74278e+03 -1.60419e+03  1.38590e+02  1.36256e+02
  9640    383.986  1.73839e+03 -1.59721e+03  1.41183e+02  1.36957e+02
  9650    387.465  1.75414e+03 -1.60995e+03  1.44188e+02  1.35856e+02
  9660    394.070  1.78405e+03 -1.63559e+03  1.48452e+02  1.33583e+02
  9670    399.806  1.81001e+03 -1.65714e+03  1.52874e+02  1.31803e+02
  9680    402.351  1.82153e+03 -1.66451e+03  1.57025e+02  1.31520e+02
  9690    401.633  1.81828e+03 -1.65691e+03  1.61370e+02  1.32809e+02
  9700    398.671  1.80487e+03 -1.63904e+03  1.65829e+02  1.35189e+02
  9710    395.626  1.79109e+03 -1.62116e+03  1.69927e+02  1.37651e+02
  9720    394.307  1.78512e+03 -1.61048e+03  1.74636e+02  1.39435e+02
  9730    393.366  1.78086e+03 -1.60096e+03  1.79901e+02  1.41050e+02
  9740    390.390  1.76738e+03 -1.58245e+03  1.84929e+02  1.43400e+02
  9750    386.225  1.74853e+03 -1.55810e+03  1.90422e+02  1.46111e+02
  9760    384.681  1.74154e+03 -1.54515e+03  1.96390e+02  1.47544e+02
  9770    387.641  1.75494e+03 -1.55167e+03  2.03265e+02  1.46944e+02
  9780    392.803  1.77831e+03 -1.56770e+03  2.10610e+02  1.45319e+02
  9790    397.666  1.80033e+03 -1.58139e+03  2.18939e+02  1.43871e+02
  9800    401.747  1.81880e+03 -1.59176e+03  2.27040e+02  1.42846e+02
  9810    405.107  1.83401e+03 -1.59880e+03  2.35213e+02  1.42303e+02
  9820    407.502  1.84485e+03 -1.60207e+03  2.42785e+02  1.42328e+02
  9830    408.002  1.84712e+03 -1.59735e+03  2.49762e+02  1.43307e+02
  9840    405.845  1.83735e+03 -1.58022e+03  2.57130e+02  1.45583e+02
  9850    401.972  1.81982e+03 -1.55589e+03  2.63921e+02  1.48647e+02
  9860    398.871  1.80578e+03 -1.53539e+03  2.70387e+02  1.51401e+02
  9870    397.583  1.79995e+03 -1.52287e+03  2.77073e+02  1.53358e+02
  9880    398.099  1.80228e+03 -1.51851e+03  2.83772e+02  1.54458e+02
  9890    400.020  1.81098e+03 -1.52010e+03  2.90887e+02  1.54906e+02
  9900    401.716  1.81866e+03 -1.52051e+03  2.98152e+02  1.55404e+02
  9910    401.986  1.81988e+03 -1.51488e+03  3.05004e+02  1.56446e+02
  9920    401.440  1.81741e+03 -1.50553e+03  3.11884e+02  1.57814e+02
  9930    401.685  1.81852e+03 -1.49995e+03  3.18571e+02  1.58804e+02
  9940    405.115  1.83405e+03 -1.50862e+03  3.25423e+02  1.58443e+02
  9950    411.001  1.86069e+03 -1.52851e+03  3.32182e+02  1.57032e+02
  9960    416.107  1.88381e+03 -1.54566e+03  3.38143e+02  1.55911e+02
  9970    418.674  1.89543e+03 -1.55158e+03  3.43852e+02  1.55899e+02
  9980    417.757  1.89128e+03 -1.54254e+03  3.48742e+02  1.57358e+02
  9990    413.740  1.87309e+03 -1.52043e+03  3.52665e+02  1.60049e+02
